twitter,10_c0,10_c1,10_c2,10_c3,10_c4,10_c5,10_c6,10_c7,10_c8,10_c9
AustinScottGA08,2.38E-05,0.286257691,0.008874847,8.42E-04,1.60E-05,0.025742995,0.224455768,0.376121548,9.95E-05,0.077565679
BennieGThompson,3.18E-05,0.001017804,0.08659949,0.074006708,2.13E-05,0.067829968,0.191371729,0.186114923,0.305118832,0.08788744
BettyMcCollum04,1.94E-05,6.22E-04,0.275758689,0.050926772,1.30E-05,0.009116484,0.107928248,0.41721425,0.13830797,9.28E-05
BillPascrell,0.084191919,0.009109826,0.248175068,0.246043965,1.60E-05,3.89E-04,0.081125747,0.246914612,0.081833098,0.002200524
BobbyScott,2.53E-05,7.12E-05,0.222656456,0.031196941,1.70E-05,0.012607791,0.321208058,0.169214667,0.242881848,1.21E-04
boblatta,0.016959308,0.211124028,0.024282617,0.002418443,6.66E-04,0.018930107,0.298434369,0.403208005,4.19E-04,0.023557745
BradSherman,0.004578671,0.035103575,0.049244111,0.347006452,0.004570801,4.18E-05,0.184028086,0.297081143,0.057209191,0.021136215
brianschatz,0.018523121,0.00109562,0.234635682,0.472929281,2.30E-05,5.59E-04,0.063088503,0.172360953,0.001142493,0.035642122
Call_Me_Dutch,3.75E-04,6.75E-05,0.216868694,0.115148074,1.61E-05,4.18E-05,0.167328002,0.250308148,0.200998097,0.048848974
cathymcmorris,2.89E-05,0.088371382,0.061909669,0.030172845,1.94E-05,5.03E-05,0.077835731,0.447756552,9.66E-04,0.292889299
chelliepingree,2.10E-05,5.91E-05,0.377180776,0.023463449,1.41E-05,0.015387206,0.156039821,0.306069328,0.119208707,0.002556474
ChrisCoons,2.10E-05,5.92E-05,0.111717987,0.195263199,1.41E-05,0.061802995,0.136824063,0.452931387,0.036348851,0.005017194
ChrisMurphyCT,2.70E-05,7.60E-05,0.145489003,0.335712061,0.012650401,4.70E-05,0.094052098,0.219851902,0.186044031,0.006050432
ChrisVanHollen,2.82E-04,5.09E-05,0.433826354,0.207708396,1.21E-05,0.005577938,0.097261841,0.236101862,0.016715015,0.002463406
ChuckGrassley,0.273304119,0.008946295,0.063439306,0.135502322,1.70E-05,0.065128064,0.221600858,0.18117327,4.76E-04,0.050413078
ConawayTX11,4.94E-04,0.363902231,0.00395361,0.022848162,2.13E-05,0.050443455,0.145272227,0.28750415,0.002443768,0.123117232
congbillposey,4.37E-05,0.069762776,9.92E-04,0.033494229,0.208948635,7.61E-05,0.277442599,0.40629263,1.83E-04,0.002764469
CongMikeSimpson,0.142690241,0.147899991,0.011409619,0.003190574,4.49E-04,0.007356133,0.248475892,0.413771588,0.002271554,0.022484955
CongPalazzo,2.49E-05,0.001887379,0.004562536,0.012149288,1.67E-05,0.020761566,0.265794247,0.266403364,4.68E-04,0.427932476
CongressmanGT,0.124509683,0.093986722,5.72E-04,0.017834831,1.69E-05,0.009619622,0.350712031,0.320392253,0.008208004,0.074148164
CongressmanHice,2.01E-05,0.067759535,0.001045697,0.072243391,1.35E-05,3.51E-05,0.327402938,0.252540005,0.011858701,0.267080977
CongressmanJVD,0.203989088,1.32E-04,0.040071533,2.91E-04,3.15E-05,7.66E-04,0.182215274,0.484484934,0.022095812,0.065923267
CongressmanRaja,0.02176879,5.52E-04,0.105241263,0.187043514,2.13E-05,5.51E-05,0.096315225,0.320011583,0.247103352,0.021888348
CongressmanRuiz,2.06E-05,0.006672048,0.186565098,0.0049381,1.38E-05,3.58E-05,0.150397719,0.594952082,0.053600645,0.002804085
daveloebsack,0.179747831,0.082901545,0.079829771,0.014645034,1.85E-05,4.79E-05,0.312903357,0.329659483,1.15E-04,1.31E-04
davidcicilline,3.61E-05,1.02E-04,0.011899781,0.461917505,2.43E-05,6.29E-05,0.137849761,0.12712571,0.230206222,0.030776174
DesJarlaisTN04,2.56E-05,0.013150205,0.007306052,0.164571197,0.016832077,0.016859432,0.095378813,0.229776869,0.004590974,0.45150881
DonaldNorcross,0.133476869,0.032193568,0.241110791,0.03419439,1.76E-05,4.56E-05,0.172550068,0.250431669,0.133560199,0.002419297
DorisMatsui,2.48E-05,0.006237778,0.384788201,1.54E-04,1.67E-05,4.06E-04,0.118007701,0.354085014,0.135798068,4.81E-04
DrNealDunnFL2,2.56E-05,0.174525649,0.002827361,0.001656597,0.112700735,4.46E-05,0.26813909,0.329039033,0.004973931,0.106067371
DrPhilRoe,2.52E-05,0.120282627,2.03E-04,0.017434429,1.69E-05,0.037173463,0.411827599,0.341125318,1.05E-04,0.07180615
EleanorNorton,2.37E-05,7.60E-04,0.409664132,0.039673108,1.59E-05,3.88E-04,0.215398734,0.231235303,0.10272747,1.13E-04
FrankPallone,0.018490521,6.47E-05,0.274848234,0.106582942,0.001694303,4.00E-05,0.076641172,0.375034974,0.146493405,1.10E-04
GerryConnolly,2.52E-05,7.09E-05,0.180367259,0.338746518,3.85E-04,4.39E-05,0.198678429,0.176084572,0.104372033,0.001225755
gillibrandny,0.064611713,5.87E-05,0.352980675,0.055884837,1.40E-05,3.63E-05,0.070151949,0.41311597,0.042741589,4.04E-04
GKButterfield,2.55E-05,0.029864671,0.245997673,0.028089213,1.71E-05,7.89E-04,0.230617108,0.201075822,0.238077927,0.025445775
GOPLeader,2.80E-05,0.014012204,0.011291068,0.072709306,1.88E-05,4.88E-05,0.098046383,0.263064063,1.17E-04,0.540663905
gracenapolitano,2.35E-05,0.007282169,0.235912628,0.003582264,1.58E-05,0.001759048,0.078431978,0.39341942,0.278773601,8.00E-04
GReschenthaler,2.55E-05,0.251264562,0.022939955,0.026992082,1.71E-05,0.027996137,0.239360867,0.321604446,0.003833618,0.105965698
HerreraBeutler,0.010421037,0.073165516,0.079087423,0.001965344,1.41E-05,6.48E-04,0.20410284,0.624902018,8.76E-05,0.005605944
HurdOnTheHill,0.001644955,0.030894657,0.019003142,0.131255799,0.021759709,3.87E-05,0.216880771,0.506597894,0.005610271,0.066314124
Ilhan,0.005452938,9.91E-04,0.294394113,0.254575106,2.08E-05,5.38E-05,0.068793025,0.150428652,0.186737187,0.038553687
JacksonLeeTX18,2.83E-05,7.97E-05,0.011403222,0.347001828,0.00415776,0.002532564,0.070463011,0.185385633,0.35232476,0.026623208
jahimes,0.060572256,1.00E-04,0.073349647,0.439111788,2.40E-05,6.22E-05,0.143123305,0.155478919,0.071123318,0.057054096
janschakowsky,0.006043817,7.72E-05,0.323100076,0.039878542,1.84E-05,4.78E-05,0.071896651,0.254664251,0.294114778,0.010158416
JeffFortenberry,0.003513567,0.061009675,0.015412505,0.103620504,1.46E-05,0.167011467,0.237208137,0.38884172,9.09E-05,0.023276931
JerryMoran,2.28E-05,7.32E-04,0.030546011,0.022829689,1.53E-05,0.230254789,0.187259098,0.515457577,9.55E-05,0.012787591
JimInhofe,2.24E-05,0.065982123,0.008380053,0.052284273,1.51E-05,0.105968581,0.15290991,0.462393198,9.39E-05,0.151950432
JimLangevin,0.08144425,6.48E-05,0.179177987,0.031433,1.55E-05,4.01E-05,0.190852896,0.401698814,0.115162706,1.10E-04
JimPressOffice,5.30E-04,0.088424343,0.0404687,0.034450759,2.28E-05,0.014946014,0.155445069,0.361715528,0.019991265,0.284005324
Jim_Jordan,4.47E-04,0.007611316,0.00818026,0.246182582,1.92E-05,4.99E-05,0.056586352,0.072767355,0.02313045,0.585025585
JoaquinCastrotx,2.95E-05,8.30E-05,0.011448976,0.234315964,0.01554243,5.14E-05,0.079877866,0.172873724,0.369647776,0.116129347
JohnBoozman,1.86E-05,8.66E-04,0.006658834,0.003098585,1.25E-05,0.168995315,0.385998422,0.417099492,0.001433705,0.015818771
JohnCornyn,3.24E-05,0.015248476,0.011155961,0.190614576,0.025126005,0.030844657,0.108115197,0.206010235,0.035186826,0.377665652
JudgeCarter,2.56E-05,0.146767778,0.001703632,1.59E-04,1.72E-05,0.00116727,0.356729781,0.317314961,8.56E-04,0.175259077
justinamash,2.80E-05,0.003762508,0.034197983,0.542905297,1.88E-05,4.88E-05,0.062726224,0.224676182,0.022219385,0.109416817
KenCalvert,2.38E-05,0.00772937,0.077860338,0.041942458,0.003847164,4.15E-05,0.102135968,0.461803197,4.48E-04,0.304168143
KYComer,0.147552481,0.140566329,7.82E-04,0.048547577,2.31E-05,0.031778896,0.553949114,0.037724529,1.44E-04,0.038932143
LacyClayMO1,4.18E-05,1.18E-04,0.063938707,0.46258932,0.00430894,7.29E-05,0.048466659,0.086184296,0.313287062,0.02099253
LeaderHoyer,0.001679054,5.33E-05,0.095056344,0.021975857,1.27E-05,3.30E-05,0.112127943,0.318446417,0.411235462,0.039379952
LindseyGrahamSC,3.00E-05,8.44E-05,2.42E-04,0.360523341,2.02E-05,5.22E-05,0.084715394,0.152081666,1.26E-04,0.402125098
lisamurkowski,1.80E-05,5.07E-05,0.025953991,1.12E-04,1.21E-05,0.142504865,0.147807039,0.683379806,7.54E-05,8.61E-05
MacTXPress,3.09E-05,0.32242053,2.49E-04,0.057445323,2.07E-05,0.003660258,0.109662252,0.400743491,1.29E-04,0.105638428
marcorubio,2.25E-05,0.00695705,0.014297312,0.284756644,0.318773105,3.67E-04,0.098238062,0.226488363,9.40E-05,0.050005595
MarioDB,2.22E-05,0.001037487,0.005704034,0.034585067,0.75297268,3.87E-05,0.055327147,0.131914941,9.31E-05,0.018304621
MarkAmodeiNV2,3.09E-05,0.061904467,2.49E-04,0.005606493,0.12094857,5.38E-05,0.524886594,0.256262482,1.29E-04,0.029928257
MarkWarner,2.63E-05,7.39E-05,0.346059097,0.271159857,1.76E-05,0.004651922,0.126766791,0.224907434,0.012009205,0.014327871
MarshaBlackburn,2.56E-05,0.024798667,9.56E-04,0.021139346,1.72E-05,0.145032024,0.220385523,0.429690271,1.07E-04,0.15784777
MartinHeinrich,2.42E-05,6.82E-05,0.406970904,0.08341906,1.63E-05,4.22E-05,0.040129213,0.437931149,0.031282836,1.16E-04
maziehirono,2.17E-05,6.10E-05,0.307701819,0.324781488,1.46E-05,0.008914842,0.061268375,0.258680146,0.027990112,0.0105659
michaelcburgess,1.98E-05,0.055141095,0.071771016,0.014039524,1.33E-05,3.46E-05,0.162429815,0.428194732,0.005301625,0.263054472
MikeCrapo,0.137270766,0.04966656,0.002134571,0.032840676,1.77E-05,0.045025092,0.208462638,0.498973326,1.10E-04,0.025498614
MikeKellyPA,2.24E-05,0.27678697,0.063310406,0.02009196,1.50E-05,3.90E-05,0.100828467,0.332634133,0.006308507,0.199963154
NitaLowey,0.004991384,0.002365196,0.206077789,0.020405294,0.006128632,4.55E-05,0.040582333,0.323859542,0.361426592,0.034117719
NormaJTorres,2.36E-05,6.65E-05,0.321868948,0.105184616,0.025238761,4.12E-05,0.07402831,0.294357333,0.164565924,0.014624757
NydiaVelazquez,0.03911149,6.43E-05,0.164891348,0.030544287,0.020060808,3.98E-05,0.058884372,0.34208509,0.341536504,0.002781955
PatrickMcHenry,2.43E-05,0.339406161,1.96E-04,0.004405754,1.63E-05,4.23E-05,0.269574193,0.33363913,1.02E-04,0.052594515
PattyMurray,1.82E-05,5.12E-05,0.549852024,0.03388787,1.22E-05,0.013328867,0.025863687,0.367780741,0.009118231,8.69E-05
PeterWelch,0.127644368,0.008771144,0.21265785,0.124148124,3.79E-04,4.32E-05,0.169042467,0.318297818,0.028745709,0.01027009
RandPaul,2.71E-05,0.008399084,0.033906353,0.437312145,1.82E-05,4.72E-05,0.143965155,0.250051086,5.10E-04,0.125763793
RepAbraham,2.07E-05,0.062441003,0.024999241,0.070990626,1.39E-05,0.016388835,0.236585631,0.363978298,8.67E-05,0.224495005
RepAdams,3.58E-05,1.01E-04,0.042693189,0.001793059,2.41E-05,0.276997043,0.198540987,0.169054932,0.307447907,0.003312191
RepAdamSchiff,1.72E-05,0.001301979,0.147824268,0.524654276,1.15E-05,2.99E-05,0.050211295,0.224644914,0.02690096,0.024403739
RepAdamSmith,2.09E-05,0.002193388,0.189239093,0.076062837,1.40E-05,3.63E-05,0.107115395,0.438195075,0.183058897,0.004064086
RepAdrianSmith,0.004302168,0.023952874,0.015525621,0.007281161,1.64E-05,0.283088466,0.398279412,0.238103834,0.003666891,0.025783186
RepAGonzalez,4.38E-05,0.126227636,0.034920313,2.72E-04,2.94E-05,7.63E-05,0.373353831,0.385948778,0.008504911,0.070622896
RepAlexMooney,2.63E-05,0.091080847,2.12E-04,0.022818963,1.77E-05,4.58E-05,0.444763652,0.300256894,0.001261945,0.139515871
RepAlGreen,2.20E-05,0.023893019,0.172791704,0.306075529,0.001625008,3.84E-05,0.133728217,0.221862953,0.116670938,0.023292216
RepAlLawsonJr,2.14E-05,0.181753537,0.101009194,1.33E-04,0.010316556,0.010027222,0.325690952,0.300302511,0.070643888,1.02E-04
RepAmata,2.68E-05,0.340574791,0.001393552,0.007227802,1.80E-05,0.01534568,0.320984327,0.3059505,0.008350217,1.28E-04
RepAndreCarson,6.94E-04,0.085236647,0.204061721,0.05178231,1.54E-05,4.00E-05,0.245205918,0.310485221,0.101363612,0.0011156
RepAndyBarr,2.31E-05,0.25764401,0.002549607,0.007570425,1.55E-05,4.02E-05,0.307627175,0.338575749,9.67E-05,0.085857511
RepAndyBiggsAZ,2.32E-05,6.54E-05,5.27E-04,0.079256166,1.56E-05,4.05E-05,0.281900436,0.25292982,9.72E-05,0.385144554
RepAndyHarrisMD,2.33E-05,0.158396602,0.033824582,0.022908788,3.55E-04,3.80E-04,0.300439387,0.34517841,0.002815426,0.135677909
RepAndyKimNJ,0.045622094,1.13E-04,0.166288444,2.48E-04,2.69E-05,6.96E-05,0.433761968,0.266438133,0.08665646,7.75E-04
RepAndyLevin,2.68E-05,8.60E-04,0.367639088,0.076631345,1.80E-05,4.67E-05,0.149107086,0.290929725,0.107554928,0.007186478
RepAngieCraig,2.56E-05,8.21E-04,0.221747212,1.59E-04,1.72E-05,0.025117592,0.474984494,0.260432947,0.015824559,8.71E-04
RepAnnaEshoo,0.011418486,0.019599047,0.354764645,0.081865482,1.50E-05,0.002318046,0.104927324,0.345444483,0.077913036,0.001734483
RepAnnieKuster,1.90E-05,5.36E-05,0.347198364,1.18E-04,1.28E-05,0.001146382,0.094136919,0.436360149,0.120863466,9.10E-05
RepAnnWagner,2.16E-05,0.101856589,0.011555534,0.013095955,1.45E-05,0.014263785,0.202090604,0.558589258,9.05E-05,0.098421581
RepAOC,0.003983744,7.18E-04,0.259332507,0.12089988,1.71E-04,4.44E-04,0.28431458,0.133962189,0.194954359,0.001219029
RepArmstrongND,3.65E-05,1.03E-04,0.013086274,0.013018401,2.45E-05,0.184479032,0.308204466,0.320290505,0.00868051,0.152077207
RepArrington,2.62E-05,0.013865827,0.02473086,0.001312198,1.76E-05,0.07245396,0.129588863,0.353585593,4.93E-04,0.403926051
RepBalderson,0.010174183,0.150567103,0.025905717,2.27E-04,2.45E-05,6.36E-05,0.372027186,0.36651859,1.53E-04,0.074339502
RepBarbaraLee,2.28E-05,6.43E-05,0.252588463,0.076263774,1.53E-05,3.98E-05,0.03113403,0.281760472,0.357000232,0.001110758
RepBarragan,2.32E-05,6.52E-05,0.209986761,0.045826067,0.038930039,4.03E-05,0.120551174,0.238876853,0.343897898,0.001802567
RepBeatty,3.58E-05,0.086000801,0.078856382,0.045791532,2.41E-05,6.24E-05,0.095984067,0.210522113,0.475218594,0.007504167
RepBenCline,6.53E-05,0.017356027,5.27E-04,0.025210026,4.39E-05,1.14E-04,0.433365273,0.207907663,0.035571865,0.279839268
RepBenMcAdams,0.008603013,4.65E-04,0.031402037,0.00835222,1.79E-05,4.36E-04,0.325999242,0.272855507,0.041823812,0.310045058
repbenraylujan,2.10E-05,5.91E-05,0.300120675,7.45E-04,1.41E-05,3.44E-04,0.126259623,0.349051058,0.222364858,0.001021412
RepBera,6.83E-04,0.006007716,0.371360284,0.003442674,1.52E-05,3.94E-05,0.243132252,0.365210072,0.009010757,0.001098654
RepBillFlores,3.11E-05,0.055511842,0.01524281,0.057434679,0.027278769,5.41E-05,0.193191433,0.200767217,1.30E-04,0.45035793
RepBillFoster,0.010749586,0.027400391,0.273874821,0.021944897,1.59E-05,4.12E-05,0.104578506,0.441467475,0.119814062,1.13E-04
RepBillJohnson,2.70E-05,0.196904765,0.010473518,0.021073344,1.81E-05,0.011485958,0.407957331,0.239006342,1.13E-04,0.112940665
RepBlaine,2.39E-05,0.161784779,0.003677836,0.019317279,1.60E-05,0.012240068,0.307491014,0.406360388,9.98E-05,0.088988961
repblumenauer,3.63E-04,0.004818879,0.375714118,0.105060884,1.56E-05,4.05E-05,0.091760414,0.274320573,0.129120814,0.018785475
RepBobbyRush,0.013312152,8.57E-04,0.287024475,0.099415952,1.80E-05,4.66E-05,0.068479495,0.293032584,0.233388105,0.004425973
RepBobGibbs,0.002754438,0.254147408,0.009957315,0.020039412,1.79E-05,0.014464658,0.196887612,0.311717336,1.12E-04,0.18990232
RepBonamici,2.18E-05,6.14E-05,0.273755822,1.36E-04,0.006072949,3.80E-05,0.066721739,0.446058704,0.207029776,1.04E-04
RepBonnie,0.031905955,7.49E-05,0.199655103,0.144788662,1.79E-05,4.63E-05,0.072798667,0.261227324,0.26369913,0.025786095
RepBost,0.122921453,0.116636673,0.032977994,0.016916852,1.71E-05,7.89E-04,0.160603647,0.420798918,8.51E-04,0.12748667
RepBradWenstrup,2.71E-05,0.192216524,0.02438495,0.038596457,1.82E-05,4.72E-05,0.1831285,0.353747371,1.13E-04,0.207720217
RepBrendanBoyle,0.128579021,1.01E-04,0.155701593,0.301035571,2.42E-05,6.28E-05,0.13605145,0.18645494,0.090236299,0.001752684
RepBrianBabin,1.92E-05,0.007330283,0.021144208,0.056650961,1.29E-05,3.34E-05,0.126568018,0.400181689,0.017431543,0.370627927
RepBrianFitz,0.075154323,0.054879616,0.066926538,0.043023728,3.37E-04,3.84E-05,0.174852619,0.526547618,0.039431974,0.018807874
RepBrianHiggins,0.12713173,0.012482167,0.131826382,0.010313297,1.73E-05,4.48E-05,0.316731813,0.308336726,0.092992835,1.23E-04
RepBrianMast,2.21E-05,3.86E-04,0.065806471,0.021474571,0.137089828,3.85E-05,0.172071944,0.579635841,4.16E-04,0.023059288
RepBrindisi,0.108669652,0.001305197,0.119716297,4.44E-04,1.43E-05,3.71E-05,0.484170844,0.285452018,8.91E-05,1.02E-04
RepBrownley,0.004215354,6.21E-05,0.215325749,7.82E-04,1.48E-05,3.84E-05,0.186843742,0.528975382,0.063636697,1.05E-04
RepBryanSteil,3.52E-05,9.90E-05,0.016229027,2.19E-04,2.36E-05,6.13E-05,0.716620752,0.219076657,1.47E-04,0.047488447
RepBuddyCarter,2.30E-05,0.237086069,0.011969721,1.43E-04,1.55E-05,0.002733547,0.362687136,0.331266941,4.33E-04,0.05364186
RepByrne,2.47E-05,0.009833854,0.002731248,0.021490359,1.66E-05,0.110342617,0.242750284,0.363058417,0.003358297,0.246393553
RepCarbajal,1.82E-05,5.12E-05,0.220140694,0.019798132,0.018101194,0.004819958,0.140522684,0.461781586,0.131487185,0.003279141
RepCardenas,4.15E-04,0.022967794,0.295884314,0.030430374,0.01553857,4.62E-05,0.074985541,0.27895738,0.262411493,0.01836372
RepCarolMiller,5.01E-05,0.003803516,0.009927089,0.020088733,3.37E-05,8.73E-05,0.381814659,0.344952459,2.10E-04,0.239032696
RepCartwright,2.58E-05,0.06648279,0.249246456,0.014498954,1.73E-05,4.50E-05,0.189892451,0.401829754,0.077838094,1.23E-04
RepCasten,0.041582283,7.02E-05,0.233505732,5.20E-04,1.68E-05,4.34E-05,0.201317074,0.400236662,0.122589169,1.19E-04
RepCharlieCrist,6.99E-04,0.009195378,0.171971053,0.00183454,0.103830037,4.03E-05,0.230032821,0.429436383,0.052173158,7.87E-04
RepCheri,0.055322357,5.79E-05,0.18230128,1.28E-04,1.38E-05,0.010254628,0.36073976,0.335996958,0.055087301,9.83E-05
RepChipRoy,0.003906736,0.008223098,0.00409454,0.076992572,0.005838112,0.001210298,0.248817747,0.165268013,0.004379312,0.481269571
RepChrisCollins,0.037909987,0.190134171,0.002384581,0.006764685,1.45E-05,3.53E-04,0.302871056,0.445481594,0.002616305,0.011469741
RepChrisPappas,1.91E-05,5.37E-05,0.347330085,0.007374724,1.28E-05,3.33E-05,0.325199055,0.279339406,0.040267481,3.70E-04
RepChrisSmith,0.150128605,0.094509508,0.01583488,0.036711729,0.006256005,9.44E-04,0.192523152,0.456943403,0.028632823,0.017516024
RepChrisStewart,2.82E-05,0.023543801,0.001050734,0.12037928,1.89E-05,0.002519011,0.290323227,0.327650692,1.18E-04,0.23436828
RepChuck,2.35E-05,0.023759564,0.002936765,0.020405583,1.58E-05,0.028541733,0.241141776,0.34953956,0.001815246,0.331820489
RepChuyGarcia,0.016729542,5.69E-04,0.244038234,0.00306512,0.123101911,5.69E-05,0.137989155,0.290968889,0.183325415,1.56E-04
RepCindyAxne,0.110877257,7.26E-05,0.188354133,5.37E-04,1.73E-05,0.012487445,0.377895092,0.309527571,1.08E-04,1.23E-04
RepClayHiggins,2.77E-05,0.085530832,2.24E-04,0.037431223,4.24E-04,8.58E-04,0.094464918,0.31019319,1.16E-04,0.470730567
repcleaver,0.004370723,0.002242705,0.280151029,0.063894404,1.66E-05,0.042416074,0.133729124,0.254935865,0.184806149,0.033437277
RepCloudTX,9.41E-05,0.110276101,0.017261381,0.041838812,6.32E-05,1.64E-04,0.290502177,0.294181781,0.003144061,0.242474483
RepCohen,0.012125184,6.66E-05,0.12777564,0.315478097,1.59E-05,0.008339394,0.082723447,0.215728106,0.233485526,0.004262136
RepColinAllred,2.88E-05,5.02E-04,0.223044774,1.79E-04,1.94E-05,5.02E-05,0.343380209,0.280064427,0.090256315,0.062474547
RepConorLamb,2.66E-05,0.041236656,0.053414318,0.00404827,1.79E-05,4.63E-05,0.57248127,0.328490627,1.11E-04,1.27E-04
RepCuellar,2.11E-05,0.038945939,0.041525994,0.001982934,0.129327276,0.007135112,0.34480998,0.322180436,0.013050547,0.101020662
RepCummings,2.46E-05,4.28E-04,0.175051272,0.079500669,1.65E-05,4.28E-05,0.145861297,0.297978242,0.292362114,0.008734367
RepCunningham,4.17E-04,0.002028184,0.083803068,0.005634368,0.013688774,0.003952498,0.300466059,0.328852849,0.261029176,1.28E-04
RepDanCrenshaw,5.75E-04,1.04E-04,0.099317967,0.103554683,2.47E-05,6.41E-05,0.1319841,0.266886737,0.029752673,0.36773636
RepDanKildee,2.28E-05,0.002064048,0.405824039,0.034139447,1.53E-05,3.97E-05,0.156073897,0.263625401,0.119087595,0.01910772
RepDannyDavis,0.084892773,0.010373243,0.19433188,0.118595472,2.48E-05,0.003307309,0.135257194,0.25236672,0.148787517,0.052063047
RepDarrenSoto,2.70E-05,0.006789577,0.115533007,0.018728827,0.242100337,4.71E-05,0.1556958,0.290628301,0.170320949,1.29E-04
RepDaveJoyce,2.24E-05,0.213797131,0.043385877,0.009303848,9.97E-04,3.90E-05,0.164392813,0.539712458,0.004676082,0.023673406
RepDavid,2.64E-05,0.1383533,0.006760825,9.34E-04,1.77E-05,4.59E-05,0.532414176,0.320441047,8.81E-04,1.26E-04
RepDavidEPrice,2.14E-05,0.01473755,0.212214378,0.066024993,1.44E-05,3.72E-05,0.13467393,0.32131942,0.21025757,0.040699215
RepDavidKustoff,2.08E-05,0.070117887,0.002897139,0.002858517,1.39E-05,0.123474291,0.41285134,0.331775164,6.93E-04,0.055297542
RepDavidRouzer,2.33E-05,0.349616134,0.004276523,0.003551753,1.57E-05,4.06E-05,0.337030962,0.269463389,9.76E-05,0.035884102
RepDavids,0.111572251,7.67E-05,0.056390948,9.66E-04,1.83E-05,0.044665473,0.508825446,0.210313448,0.06704107,1.30E-04
repdavidscott,0.034614042,0.183253188,0.105376486,0.009326951,1.62E-05,4.21E-05,0.365753685,0.248104227,0.053397736,1.15E-04
RepDavidTrone,2.97E-05,5.17E-04,0.275584517,0.020130578,1.99E-05,5.17E-05,0.158812293,0.35032916,0.193516068,0.001008994
RepDean,2.72E-05,7.66E-05,0.137042687,0.108752415,1.83E-05,0.001638366,0.100728975,0.181739225,0.469050723,9.26E-04
RepDeanPhillips,3.95E-05,6.88E-04,0.164083024,0.05041241,2.65E-05,0.015061243,0.22906992,0.254831571,0.245235188,0.040553007
RepDebDingell,0.004854172,0.01455739,0.350154117,0.066939601,1.85E-05,0.001656818,0.19517858,0.283938931,0.069297119,0.013404782
RepDebHaaland,3.33E-05,9.37E-05,0.189637248,0.001180557,0.015600235,0.0112546,0.181215537,0.260894228,0.339931389,1.59E-04
RepDelBene,6.34E-04,0.002509821,0.292430932,0.0209623,1.41E-05,3.65E-05,0.20380277,0.407735196,0.071468201,4.07E-04
repdelgado,0.079260943,5.34E-05,0.135640231,3.95E-04,1.27E-05,0.007236837,0.492700211,0.277881236,0.005343668,0.001475935
RepDennyHeck,2.38E-05,0.010867735,0.280312529,0.038821398,1.60E-05,4.15E-05,0.210874858,0.337930835,0.120648946,4.62E-04
RepDerekKilmer,0.026879355,0.008088926,0.130633619,0.026306205,3.65E-04,0.007017017,0.363509115,0.365837451,0.070551933,8.12E-04
RepDeSaulnier,2.27E-05,6.38E-05,0.158329278,0.145688416,1.52E-05,3.95E-05,0.19602579,0.199233736,0.296163043,0.004418457
RepDevinNunes,0.308114818,0.011883063,0.005001307,0.144501348,4.14E-05,1.07E-04,0.319990312,0.059384349,2.58E-04,0.150718117
RepDianaDeGette,1.93E-05,0.005141756,0.407990867,0.049580352,1.30E-05,5.99E-04,0.085990831,0.357789024,0.092783491,9.24E-05
repdinatitus,3.89E-04,7.02E-05,0.103327984,0.044976747,0.17784649,4.34E-05,0.215091111,0.317006428,0.134569869,0.006678433
RepDLamborn,2.47E-05,0.07146715,0.048158279,0.076959922,1.66E-05,4.30E-05,0.071488796,0.465501712,1.03E-04,0.266236655
RepDLesko,2.35E-05,6.61E-05,1.90E-04,0.001517941,1.58E-05,3.84E-04,0.382907991,0.245927858,0.079681161,0.289286341
RepDMP,2.13E-05,0.001305197,0.103216691,0.016943258,0.154737031,3.71E-05,0.095651821,0.278603125,0.349382691,1.02E-04
RepDonaldPayne,0.040758188,0.003610286,0.170924056,0.05540706,1.63E-05,4.22E-05,0.144606433,0.336472471,0.172600847,0.075562163
RepDonBacon,2.73E-05,0.010032085,0.029289782,0.106094822,1.83E-05,0.183226966,0.158590678,0.409337858,0.002105113,0.101277139
RepDonBeyer,0.008715047,6.44E-05,0.102819154,0.312725911,1.54E-05,3.98E-05,0.03485312,0.237004838,0.301312844,0.002449501
repdonyoung,2.50E-05,0.14630328,0.011506259,1.55E-04,1.68E-05,0.122208238,0.259737845,0.446695831,4.69E-04,0.01288271
RepDougCollins,2.39E-05,0.03112963,0.048706039,0.109041366,1.60E-05,4.16E-05,0.078267745,0.336077439,0.04512301,0.351573248
RepDrewFerguson,2.46E-05,0.179000044,0.043314361,8.71E-04,1.65E-05,4.28E-05,0.282858999,0.425384185,4.62E-04,0.068024965
RepDustyJohnson,0.00233661,0.007761627,0.036211176,0.031545205,3.50E-05,0.187419712,0.368758259,0.228395412,9.80E-04,0.136557435
RepDwightEvans,2.87E-05,0.008455142,0.173165061,0.052099994,4.38E-04,8.87E-04,0.095993962,0.2679545,0.374460737,0.026516622
RepDWStweets,2.03E-05,3.54E-04,0.09454845,0.108163754,0.097366191,3.54E-05,0.063888375,0.359708277,0.275818273,9.70E-05
RepEBJ,2.29E-05,0.009437792,0.251925871,0.047678494,1.54E-05,3.99E-05,0.14871883,0.413072187,0.116592996,0.012495637
RepEdCase,5.52E-05,1.55E-04,0.078658768,0.107583713,0.005681327,0.007353001,0.318701211,0.374076082,0.107471841,2.64E-04
RepElaineLuria,0.011077467,6.45E-05,0.027653925,0.039335783,1.54E-05,3.99E-05,0.400393076,0.422393561,0.098246871,7.79E-04
RepEliotEngel,0.018836114,7.10E-05,0.172083505,0.198961902,1.70E-05,4.40E-05,0.102999703,0.213532319,0.287432484,0.006022039
RepEscobar,2.50E-05,7.03E-05,0.037790132,0.131897442,0.047458605,0.001503241,0.112492816,0.232438823,0.375624821,0.060698878
RepEspaillat,0.01618027,6.76E-05,0.024428383,0.063369355,0.299608946,4.19E-05,0.141280161,0.233537815,0.221370755,1.15E-04
RepFilemonVela,2.82E-05,0.061080158,0.073593518,0.043864969,0.163649456,4.61E-04,0.164971116,0.304150116,0.106457248,0.081743925
RepFinkenauer,0.101600252,1.50E-04,0.173842213,0.001113185,3.59E-05,0.001655351,0.444659821,0.247562017,0.02053304,0.008847804
RepFletcher,3.16E-05,5.51E-04,0.102738738,0.001119518,2.12E-05,5.50E-05,0.265558642,0.412671608,0.161705609,0.055547528
RepFrankLucas,2.77E-05,0.090612214,0.001435795,0.007042726,1.86E-05,0.120895412,0.376789816,0.385146383,1.16E-04,0.017915681
RepFredUpton,0.001209855,0.224427497,0.056995725,0.00332194,1.81E-05,4.70E-05,0.330515443,0.38046257,1.13E-04,0.002888947
RepFrenchHill,2.40E-05,0.06385556,0.004399429,0.039052705,1.61E-05,0.185798248,0.261199048,0.351860757,8.01E-04,0.092992827
RepGallagher,2.29E-05,0.007436689,0.036040653,0.254147049,1.54E-05,3.99E-05,0.26883357,0.350488944,0.001436351,0.081538473
RepGaramendi,0.001188302,7.46E-05,0.064112994,0.275898718,1.78E-05,4.62E-05,0.177466094,0.323340195,0.069044419,0.088810752
RepGarretGraves,3.29E-05,0.047730079,0.001709385,0.01271539,0.192496569,0.001982091,0.357161641,0.314180075,1.38E-04,0.071854052
RepGilCisneros,6.17E-04,5.74E-05,0.202718472,0.004899799,1.37E-05,3.56E-05,0.222317595,0.345423632,0.223222605,6.94E-04
RepGolden,0.00405226,6.47E-05,0.434340656,1.43E-04,1.54E-05,0.014814051,0.310339542,0.23065236,9.62E-05,0.005482154
RepGosar,2.62E-05,7.37E-05,0.017814357,0.052588859,1.76E-05,0.005403026,0.143981662,0.275114401,0.018860552,0.48611968
RepGraceMeng,0.0831903,5.18E-05,0.123695278,0.062022294,0.015893089,3.21E-05,0.202748977,0.38650118,0.125776974,8.80E-05
RepGregoryMeeks,0.108448023,4.88E-04,0.058731921,0.248108016,0.001246204,4.88E-05,0.095022002,0.260997023,0.226776379,1.34E-04
RepGregPence,3.24E-05,0.10504575,0.016335323,2.01E-04,2.17E-05,5.63E-05,0.292290652,0.246278788,1.35E-04,0.339602707
RepGregStanton,5.20E-05,1.46E-04,0.18974516,0.001083561,0.006117688,0.003892324,0.244261776,0.319289115,0.235163353,2.49E-04
RepGregSteube,6.84E-05,0.001191125,0.002549387,0.028391087,0.057976519,1.19E-04,0.214995033,0.365490551,0.092175935,0.237042981
repgregwalden,2.10E-05,0.219886415,0.023131617,0.012070639,1.41E-05,3.43E-04,0.315122538,0.428917173,3.94E-04,1.00E-04
RepGrothman,0.001745211,0.013380482,0.008816257,0.033641544,1.97E-05,5.11E-05,0.376738745,0.330271562,5.52E-04,0.234783557
RepGusBilirakis,2.29E-05,0.050829155,0.014211633,0.022184605,0.083176188,3.98E-05,0.258250323,0.559725316,9.56E-05,0.011464486
RepGuthrie,3.46E-05,0.278915661,0.058472099,7.21E-04,2.33E-05,0.009674728,0.313355546,0.314709561,0.001156946,0.022936438
RepGwenMoore,2.23E-05,6.26E-05,0.444197958,0.072352237,1.50E-05,3.88E-05,0.063513341,0.204908206,0.1572073,0.057682344
RepHagedorn,7.16E-05,0.004389197,0.002672159,0.00463265,4.81E-05,0.202177131,0.445198392,0.189414546,3.00E-04,0.151096372
RepHaleyStevens,2.45E-05,7.84E-04,0.197109874,0.004797765,1.64E-05,4.00E-04,0.353532026,0.313033032,0.129828684,4.74E-04
RepHalRogers,2.88E-05,0.371214409,0.006536842,0.00438177,1.93E-05,5.01E-05,0.210261019,0.385393906,0.003482835,0.018631044
RepHankJohnson,0.006539133,0.021144968,0.194066678,0.081765867,1.76E-05,0.004259898,0.100472297,0.23865178,0.348359159,0.004722608
RepHarley,2.14E-05,6.02E-05,0.285556712,0.083591295,6.40E-04,3.73E-05,0.157618438,0.288487428,0.169506972,0.014480799
RepHartzler,0.007582524,0.027784201,1.74E-04,0.005174566,1.45E-05,0.076277278,0.344733569,0.352507439,0.002925575,0.182826325
RepHastingsFL,1.82E-05,8.48E-04,0.278485344,0.080586759,0.00983905,3.17E-05,0.036187362,0.412708286,0.180943039,3.52E-04
RepHolding,2.58E-05,0.402306764,0.008132389,0.020536239,1.73E-05,4.50E-05,0.170648606,0.37164333,1.08E-04,0.026536486
RepHorsford,2.35E-05,6.60E-05,0.266975171,0.001174508,0.10597565,4.09E-05,0.184230493,0.301052399,0.140349306,1.12E-04
RepHoulahan,2.44E-05,6.85E-05,0.153922411,0.004065585,1.64E-05,4.24E-05,0.319640326,0.331623752,0.188700714,0.001895575
RepHuffman,2.22E-05,6.25E-05,0.237347652,0.190586429,0.015912661,3.87E-05,0.121748372,0.287433968,0.133439307,0.01340827
RepHuizenga,0.001754998,0.289100661,0.008002958,0.044614438,1.98E-05,4.83E-04,0.183009646,0.26526138,0.00486859,0.202884722
RepJahanaHayes,3.31E-05,9.31E-05,0.104272764,0.054869007,2.22E-05,0.011183823,0.232804307,0.182821575,0.390522042,0.023377994
RepJasonCrow,2.73E-05,8.76E-04,0.144436218,0.023340183,0.001616321,4.76E-05,0.238196339,0.289201415,0.302128069,1.31E-04
RepJasonSmith,2.21E-05,0.075790381,0.100397219,0.016893894,1.48E-05,6.83E-04,0.247245776,0.274532402,0.001059022,0.283361539
RepJayapal,8.16E-04,7.60E-05,0.429150553,0.102764308,1.81E-05,4.70E-05,0.057711586,0.176753511,0.22819305,0.004469635
RepJeffDuncan,0.002992311,0.008548205,0.001927205,0.013726664,1.95E-05,5.05E-05,0.177907438,0.25651042,1.21E-04,0.53819662
RepJeffries,0.017352212,0.015533729,0.346172678,0.230077239,1.42E-05,0.004988607,0.03845403,0.11324852,0.128523961,0.105634798
RepJenniffer,1.95E-05,0.002613601,0.00101002,0.004101304,0.688345103,3.39E-05,0.114367343,0.177677911,0.010885471,9.46E-04
RepJerryNadler,0.01364172,6.56E-05,0.111518682,0.140414472,1.57E-05,4.06E-05,0.058645207,0.261789774,0.410692907,0.003175455
RepJimBaird,1.49E-04,0.059217497,0.001203056,9.26E-04,1.00E-04,0.024214344,0.673462494,0.198015662,6.24E-04,0.042088476
repjimcooper,2.74E-05,4.78E-04,0.191635767,0.159148417,1.84E-05,0.078135247,0.192717035,0.357171681,0.020537561,1.31E-04
RepJimCosta,1.85E-05,0.038251146,0.075193053,1.15E-04,0.16201948,0.011410707,0.252831899,0.423149452,0.022834418,0.014176141
RepJimmyGomez,0.003235152,0.003917666,0.173688324,0.135089447,3.36E-04,3.83E-05,0.093262893,0.224577099,0.340687315,0.025167725
RepJimmyPanetta,2.18E-05,0.002286836,0.215106475,0.027796374,0.008281186,3.79E-05,0.182580745,0.381193301,0.182591483,1.04E-04
RepJoeCourtney,0.00270522,0.016762898,0.146039241,0.027869803,1.37E-05,0.021215685,0.293912413,0.415526891,0.073768423,0.002185713
RepJoeKennedy,2.36E-05,6.65E-05,0.292053415,0.234673109,1.59E-05,4.12E-05,0.044298381,0.24417273,0.171417073,0.013238107
RepJoeMorelle,0.024594372,0.005029712,0.161650218,1.24E-04,1.34E-05,3.27E-04,0.153663595,0.482689539,0.171811688,9.56E-05
RepJoeNeguse,2.51E-05,7.06E-05,0.092537239,0.02580432,1.68E-05,4.37E-05,0.120640785,0.367114591,0.391428685,0.002318242
RepJoeWilson,2.73E-05,0.082705063,6.20E-04,0.040086692,1.83E-05,0.001245082,0.26155721,0.409519891,1.14E-04,0.204106404
RepJohnCurtis,2.65E-05,0.002395388,0.005242322,0.038072558,1.78E-05,0.012424262,0.382660287,0.324899062,0.005913031,0.228348837
RepJohnJoyce,3.32E-05,9.36E-05,0.021160473,0.002149986,2.23E-05,0.001029627,0.385897085,0.331323034,1.39E-04,0.258151529
RepJohnKatko,0.201800444,0.010740505,0.009831438,0.012542223,0.002426133,4.10E-05,0.338906853,0.40043014,0.009051158,0.01423007
RepJohnLarson,0.010198551,0.007700228,0.399517938,0.001971187,1.67E-05,0.001860032,0.168320954,0.316084964,0.09421065,1.19E-04
repjohnlewis,2.85E-05,0.01838906,0.224514358,0.185346822,8.51E-04,4.96E-05,0.057528587,0.32786662,0.173221835,0.012203298
RepJohnRose,8.91E-05,0.048415324,0.034564583,5.53E-04,5.98E-05,0.023586599,0.419491604,0.206884679,3.73E-04,0.265982156
RepJohnYarmuth,2.60E-05,0.078275269,0.195335527,0.099242769,1.75E-05,4.25E-04,0.195601316,0.202311442,0.227882024,8.83E-04
RepJoseSerrano,0.013297644,6.39E-05,0.16412876,0.026027197,0.160973817,7.03E-04,0.137479379,0.327203325,0.167359187,0.00276349
RepJoshG,0.113797141,6.80E-05,0.185694589,0.024530121,1.62E-05,3.95E-04,0.230461826,0.416906666,0.022007773,0.006122166
RepJoshHarder,6.50E-04,1.17E-04,0.221246896,8.67E-04,2.80E-05,6.81E-04,0.538737645,0.230604223,0.004434253,0.002633244
RepJuanVargas,2.30E-05,4.01E-04,0.241676625,0.024359326,0.040039706,4.01E-05,0.128902478,0.420734984,0.134967925,0.008854756
RepJudyChu,0.008569996,3.64E-04,0.402587102,0.120427866,1.40E-05,3.64E-05,0.048318479,0.249428706,0.135041107,0.035212205
RepKarenBass,2.50E-05,7.03E-05,0.275099668,0.18743629,0.028127201,4.35E-05,0.106692758,0.231793539,0.160735502,0.009976256
RepKathleenRice,0.050977774,6.06E-05,0.259358637,0.046686334,1.45E-05,3.75E-05,0.15798091,0.393158404,0.083758973,0.007966456
RepKatieHill,2.50E-05,7.04E-05,0.082127354,0.133649833,1.68E-05,4.09E-04,0.22502123,0.266962525,0.290866417,8.51E-04
RepKatiePorter,2.46E-05,0.002941461,0.303228877,0.003383995,1.65E-05,4.28E-05,0.228081665,0.28146236,0.177109982,0.003707794
RepKayGranger,4.18E-04,0.185898184,0.013908329,0.069018559,1.80E-05,0.003176271,0.146801066,0.465507138,0.001285642,0.113968851
RepKClark,2.75E-05,7.74E-05,0.309558526,0.072884962,1.85E-05,4.79E-05,0.026616036,0.187983598,0.397030041,0.005755646
RepKenBuck,2.21E-05,0.103871925,0.020552514,0.034740692,1.49E-05,3.85E-05,0.212551912,0.493153549,0.011411415,0.123642454
RepKendraHorn,6.63E-05,1.87E-04,0.088696594,0.005255869,4.45E-05,0.073744749,0.391642504,0.35257616,0.087470002,3.17E-04
RepKenMarchant,2.81E-05,0.355459563,0.033132819,0.008401248,1.89E-05,4.90E-05,0.147356403,0.358230143,1.18E-04,0.097205965
RepKevinBrady,0.033197675,0.070435191,0.087645809,0.059454869,1.54E-05,3.99E-05,0.09726318,0.201370149,0.019196567,0.43138122
repkevinhern,5.92E-05,0.001896346,0.076589344,0.02804459,3.98E-05,0.032104518,0.215579509,0.236056799,0.041763053,0.367866895
RepKimSchrier,5.87E-05,1.65E-04,0.260515775,3.65E-04,0.033510161,1.02E-04,0.246526855,0.265129532,0.192487774,0.001138812
RepKinzinger,0.03323841,0.181872921,0.002290905,0.108183107,7.15E-04,4.17E-05,0.148679424,0.456237091,1.00E-04,0.068641033
RepKirkpatrick,2.64E-05,0.001614881,0.109988702,0.014415348,1.77E-05,4.59E-05,0.345217355,0.259582821,0.262416955,0.006673968
RepLaHood,0.084327283,0.108453084,4.79E-04,0.001366531,1.42E-05,0.023815461,0.332979208,0.349555032,8.84E-05,0.098921359
RepLaMalfa,2.22E-05,0.051716152,0.016422739,0.0170311,1.49E-05,0.018231179,0.227162969,0.400210906,0.012437912,0.256749878
RepLanceGooden,9.64E-05,2.71E-04,0.093709709,0.087898169,6.47E-05,1.68E-04,0.090471372,0.299815549,0.02715631,0.400348875
RepLarryBucshon,2.09E-05,0.192954559,0.039603975,0.004104031,6.25E-04,3.64E-05,0.245553036,0.391577768,3.93E-04,0.125130594
RepLawrence,2.60E-05,7.32E-05,0.243250017,0.071286036,1.75E-05,4.53E-05,0.035087728,0.251760575,0.385017174,0.013436395
RepLBR,2.05E-05,0.021938912,0.155432157,1.27E-04,1.38E-05,0.083064369,0.172127851,0.449292402,0.117884599,9.80E-05
RepLeeZeldin,0.039646033,3.35E-04,0.005776081,0.187292869,1.29E-05,8.77E-04,0.163636929,0.242518376,0.038302072,0.321602947
RepLindaSanchez,8.17E-04,0.022191216,0.305486563,0.028996587,0.009496086,4.71E-05,0.098828207,0.219938724,0.302222171,0.011976529
RepLipinski,0.135563204,5.21E-05,0.144892793,0.036909576,1.24E-05,3.22E-05,0.238421372,0.409049627,0.023615173,0.011451481
RepLizCheney,2.50E-05,0.093001882,5.68E-04,0.027230043,1.68E-05,0.104682933,0.304497736,0.408286707,4.71E-04,0.061220206
RepLloydDoggett,0.134977583,6.82E-05,0.115667569,0.142188082,0.002141533,4.22E-05,0.139647517,0.27377761,0.134700565,0.056789125
RepLoisFrankel,2.08E-05,5.85E-05,0.337940272,0.06215044,0.003966307,3.62E-05,0.020750524,0.295490999,0.253644315,0.025941565
RepLoriTrahan,2.49E-05,0.004444649,0.203613613,0.022391785,0.005120291,7.73E-04,0.159030661,0.386748754,0.21736906,4.84E-04
RepLouCorrea,2.82E-05,7.94E-05,0.149020175,0.069007188,0.024748999,4.91E-05,0.091193129,0.279007897,0.28616229,0.100703631
RepLoudermilk,3.28E-05,0.239513026,0.013219685,0.031391019,2.21E-05,5.72E-05,0.186763731,0.292644174,6.17E-04,0.235739099
replouiegohmert,3.05E-05,8.57E-05,2.46E-04,0.112824028,2.05E-05,5.31E-05,0.252984198,0.08277471,0.037078814,0.513902594
RepLowenthal,2.05E-05,5.76E-05,0.299459195,0.191076707,1.38E-05,3.57E-05,0.022522635,0.347758022,0.138958052,9.79E-05
RepLucyMcBath,6.26E-05,0.005664621,0.109360289,3.89E-04,4.21E-05,1.09E-04,0.162141344,0.235939326,0.485992831,2.99E-04
RepMalinowski,0.052808274,3.07E-04,0.103086321,0.10607684,7.34E-05,0.003384196,0.198423814,0.264977532,0.270340012,5.22E-04
RepMaloney,0.16489679,0.001101185,0.162304352,0.084307834,1.59E-05,4.11E-05,0.081488945,0.321443518,0.180148568,0.004251845
RepMarciaFudge,2.32E-05,0.041814079,0.344359906,0.005914435,1.56E-05,4.05E-05,0.169117145,0.308508934,0.124325101,0.005881119
RepMarcyKaptur,2.13E-05,0.133156545,0.224908954,0.055927066,1.43E-05,3.49E-04,0.102316811,0.382747078,0.098898622,0.001660415
RepMarkGreen,2.72E-05,7.64E-05,0.044263365,0.182297228,1.82E-05,4.73E-05,0.074697538,0.207494965,0.003287978,0.487789839
RepMarkMeadows,6.24E-04,0.003376134,0.016455259,0.283369234,1.39E-05,3.59E-05,0.079106161,0.180963066,8.64E-05,0.43597003
repmarkpocan,2.48E-05,6.98E-05,0.312134297,0.146882618,1.67E-05,4.32E-05,0.103707266,0.156846861,0.257693967,0.022580606
RepMarkTakano,2.27E-05,0.00105882,0.298671086,0.031648038,1.52E-05,0.001034485,0.128101899,0.254022588,0.277688687,0.007736454
RepMarkWalker,3.01E-05,0.007559831,0.009037226,0.078016559,2.02E-05,0.064690577,0.160167493,0.233017705,0.069161243,0.378299061
RepMarshall,0.009507168,0.304608801,0.076749984,0.059058287,0.006386608,0.01655708,0.174019665,0.267907906,0.039782953,0.045421548
RepMarthaRoby,6.16E-04,0.006016496,0.00433599,1.27E-04,1.37E-05,0.073630692,0.428238326,0.359909757,0.011407657,0.115704422
RepMattGaetz,4.49E-04,8.10E-05,0.023368875,0.149093642,0.031989751,5.01E-05,0.135559844,0.201467609,0.017367656,0.44057204
RepMaxineWaters,2.63E-05,0.007768763,0.092933454,0.558027953,1.77E-05,4.59E-05,0.119364738,0.145401925,0.062052356,0.014360946
RepMaxRose,0.120875052,7.51E-05,0.206827097,0.019267557,1.79E-05,4.65E-05,0.248032549,0.315347355,0.088603828,9.07E-04
RepMcCaul,2.12E-05,0.099588478,1.71E-04,0.064313912,0.004355072,6.57E-04,0.106428377,0.501342373,0.004739664,0.218382548
RepMcClintock,3.43E-05,0.060301363,0.015328353,0.030315653,0.304057094,5.98E-05,0.251481588,0.266871832,0.001648785,0.069901207
RepMcEachin,0.238024105,8.10E-05,0.125537256,0.020362097,1.93E-05,8.91E-04,0.134241384,0.298094777,0.182611527,1.37E-04
RepMcGovern,2.56E-05,7.22E-05,0.268178171,0.132833136,0.002640723,4.47E-05,0.066056787,0.229716235,0.259458396,0.040974075
RepMcKinley,2.25E-05,0.221722222,0.012038886,0.019242849,1.51E-05,3.93E-05,0.31198644,0.382691909,0.002399829,0.049840934
RepMcNerney,2.06E-05,0.006688134,0.228000999,0.059497686,1.39E-05,3.59E-05,0.242677682,0.440880386,0.022086191,9.85E-05
RepMeuser,5.79E-05,0.065295794,0.030073171,0.001205464,3.89E-05,1.01E-04,0.45360643,0.220714633,0.001088104,0.227818824
RepMGriffith,4.35E-04,0.262078516,2.25E-04,0.0119897,1.87E-05,4.86E-05,0.413272528,0.284381457,1.17E-04,0.027433379
RepMGS,2.69E-05,4.69E-04,0.109878417,0.052442892,1.81E-05,4.68E-05,0.064952722,0.281003445,0.490247375,9.15E-04
RepMichaelGuest,3.30E-05,9.30E-05,0.001715162,2.05E-04,2.22E-05,0.033371594,0.281118754,0.364005956,0.00110388,0.318331209
RepMichaelWaltz,2.42E-05,0.011761242,0.007636757,0.065348038,0.16230115,4.22E-05,0.159539689,0.380883414,1.01E-04,0.212361768
RepMikeJohnson,2.61E-05,0.055815771,5.93E-04,0.030706002,1.76E-05,4.27E-04,0.190230977,0.301973506,0.008508847,0.411701204
RepMikeLevin,2.52E-05,7.09E-05,0.314245303,0.006415253,1.69E-05,4.39E-05,0.17938773,0.320642459,0.169827961,0.009324409
RepMikeQuigley,0.052554197,0.001258572,0.182082378,0.123206458,1.38E-05,3.58E-05,0.163080247,0.380021965,0.091644616,0.006101991
RepMikeRogersAL,0.005012405,0.015582901,3.05E-04,0.020686016,2.54E-05,0.162016091,0.342832905,0.12598311,0.004580126,0.322975686
RepMikeTurner,2.68E-05,0.079160879,6.08E-04,0.106657787,1.80E-05,0.123764558,0.226393019,0.406753279,0.003635722,0.052982167
RepMoBrooks,3.00E-05,5.22E-04,0.023455015,0.078584995,2.01E-05,0.038156647,0.095590741,0.176913432,0.004943222,0.581783526
