twitter,15_c0,15_c1,15_c2,15_c3,15_c4,15_c5,15_c6,15_c7,15_c8,15_c9,15_c10,15_c11,15_c12,15_c13,15_c14
AustinScottGA08,3.12E-05,0.410640784,8.73E-05,0.027209117,2.63E-05,0.099185612,0.035748718,0.116040255,3.80E-04,0.26102833,1.68E-05,0.036272206,1.06E-04,0.013215476,1.11E-05
BennieGThompson,4.16E-05,0.246805837,0.257959861,1.85E-04,3.52E-05,0.162213223,0.108982584,0.10543399,0.013493002,9.80E-04,0.003268708,0.003947832,0.096601579,3.64E-05,1.49E-05
BettyMcCollum04,2.55E-05,0.158622473,0.095381079,0.021104,2.15E-05,0.311114793,0.06212279,1.00E-04,0.015912075,3.23E-05,1.38E-05,0.19246684,0.143051564,2.22E-05,9.11E-06
BillPascrell,0.00732959,0.153335442,0.015726853,0.038020745,0.056675706,0.220963214,0.28568115,0.006725824,0.003508656,3.96E-05,1.68E-05,0.001220883,0.210717103,2.72E-05,1.12E-05
BobbyScott,3.32E-05,0.287702764,0.140399765,5.17E-04,2.80E-05,0.267243348,0.040247593,0.011945484,0.001881452,0.00521125,0.127770976,0.005358579,0.111620293,2.90E-05,1.19E-05
boblatta,2.92E-05,0.445326814,0.001058361,0.045046624,0.008161774,0.12654433,0.078443076,0.074650536,3.11E-05,3.71E-05,1.58E-05,0.108878528,9.99E-05,0.11166646,1.04E-05
BradSherman,0.026288726,0.23183425,0.009540728,0.195493916,0.092802302,0.114057614,0.138640084,1.23E-04,3.35E-05,0.035749785,0.001067264,0.023285982,0.131043754,2.75E-05,1.12E-05
brianschatz,0.051957876,0.059001023,1.26E-04,0.06209549,3.78E-05,0.117197928,0.438268256,6.75E-04,0.034989214,5.68E-05,0.003518346,0.062152359,0.16986889,3.91E-05,1.60E-05
Call_Me_Dutch,3.15E-05,0.208173403,0.171055307,0.06039869,3.77E-04,0.293863237,0.113512567,0.025348173,3.35E-05,3.90E-04,1.70E-05,0.026805723,0.099955092,2.75E-05,1.12E-05
cathymcmorris,0.002992295,0.195918605,0.002216496,0.048704917,3.20E-05,0.247658014,0.118177811,0.312892843,4.04E-05,4.81E-05,2.05E-05,0.071122009,1.29E-04,3.31E-05,1.35E-05
chelliepingree,2.75E-05,0.212373557,0.086904347,0.001042839,2.33E-05,0.286802132,0.07271529,0.001642213,0.126741735,3.49E-05,1.49E-05,0.111529276,0.100114077,2.41E-05,9.85E-06
ChrisCoons,2.76E-05,0.219939428,0.020345375,0.174858059,2.33E-05,0.23086846,0.101034775,0.001950819,0.073117342,0.001570435,1.49E-05,0.091056839,0.085158785,2.41E-05,9.86E-06
ChrisMurphyCT,0.016995602,0.077385649,0.166151306,0.175281141,2.99E-05,0.15808014,0.298579944,0.006844242,0.031591552,8.34E-04,1.91E-05,0.019529025,0.04863502,3.09E-05,1.27E-05
ChrisVanHollen,2.37E-05,0.117782074,0.001914199,0.062401573,5.48E-04,0.45713532,0.173427644,9.31E-05,0.04727537,5.58E-04,0.003972304,0.001983161,0.132856475,2.07E-05,8.47E-06
ChuckGrassley,0.010379218,0.21771011,9.30E-05,0.0467046,2.80E-05,0.10929424,0.109374099,0.057402985,0.399835857,4.21E-05,0.002604422,0.015339077,0.022652942,0.007419,0.001120366
ConawayTX11,4.15E-05,0.284111012,1.16E-04,0.060220749,3.50E-05,0.161539005,0.096060493,0.118850343,0.002815079,0.007441702,2.24E-05,0.005316881,6.03E-04,0.262811324,1.48E-05
congbillposey,5.73E-05,0.384215277,1.61E-04,0.054486233,0.368185761,0.073237281,0.024247656,0.00405305,6.10E-05,7.27E-05,3.09E-05,0.090288027,8.34E-04,5.00E-05,2.05E-05
CongMikeSimpson,3.85E-05,0.445274362,5.37E-04,0.040525895,0.006901421,0.107664569,0.043361698,0.037500831,0.006909924,0.010352197,2.08E-05,0.117420288,0.00184892,0.181629412,1.38E-05
CongPalazzo,0.004027746,0.385058135,9.14E-05,0.014309471,2.75E-05,0.11251329,0.05629672,0.395283087,3.47E-05,0.021833001,1.76E-05,0.008176552,0.001927391,2.85E-05,3.75E-04
CongressmanGT,3.30E-05,0.485472924,0.018492892,0.008978962,0.004443971,0.074995291,0.055202523,0.086611065,3.52E-05,0.052666717,1.78E-05,0.068269796,1.13E-04,0.144655072,1.18E-05
CongressmanHice,0.113577547,0.428081789,7.40E-05,0.008648413,2.23E-05,0.135551936,0.098843776,0.173372147,3.22E-04,0.037687764,1.43E-05,1.51E-04,0.003620334,2.31E-05,9.44E-06
CongressmanJVD,0.029445999,0.22974665,0.017256063,2.73E-04,0.278180833,0.215114978,0.059455753,0.035775829,6.53E-05,7.78E-05,3.31E-05,0.131556329,0.002943098,5.36E-05,2.19E-05
CongressmanRaja,0.07997312,0.165499913,0.164599863,0.046849629,9.59E-04,0.267881129,0.173264313,0.014023865,4.42E-05,5.26E-05,2.24E-05,0.004857305,0.078687277,0.003270455,1.48E-05
CongressmanRuiz,2.70E-05,0.219087463,0.021407503,4.20E-04,0.062516215,0.358973231,0.085328942,0.002209067,2.87E-05,0.016859372,1.46E-05,0.178620929,0.054473478,2.36E-05,9.64E-06
daveloebsack,3.61E-05,0.425090818,0.001707938,0.03470745,3.05E-05,0.187112496,0.055437996,1.42E-04,0.194064996,0.027362121,1.95E-05,0.039573753,0.023422495,0.011279415,1.29E-05
davidcicilline,0.205070159,0.127651579,0.129260126,0.034995647,4.00E-05,0.108460993,0.241391752,1.86E-04,0.010591421,6.00E-05,2.56E-05,2.70E-04,0.141938404,4.13E-05,1.69E-05
DesJarlaisTN04,0.070972732,0.158007629,4.67E-04,0.097223669,2.83E-05,0.08467469,0.187803917,0.335786087,0.010863268,4.16E-04,3.91E-04,9.38E-04,0.038571058,0.001896096,0.011959642
DonaldNorcross,7.98E-04,0.216707645,0.129616482,9.17E-04,0.119997656,0.328495823,0.120734559,1.35E-04,0.002710998,0.016090279,1.85E-05,0.009365545,0.054370566,3.00E-05,1.23E-05
DorisMatsui,0.001482696,0.176989773,0.105589099,5.07E-04,0.093924214,0.438591398,0.02827943,8.53E-04,0.002209883,4.13E-05,1.76E-05,0.049490791,0.101983728,2.84E-05,1.16E-05
DrNealDunnFL2,3.36E-05,0.380122248,0.004582885,0.003141743,0.034068055,0.133461191,0.047133586,0.132175957,3.58E-05,0.261512327,1.81E-05,0.002436235,0.001236943,2.93E-05,1.20E-05
DrPhilRoe,3.30E-05,0.57274042,9.24E-05,0.016676395,2.79E-05,0.128487693,0.03416334,0.092329267,0.038604751,0.080119718,0.001487126,0.033615413,0.001582009,2.88E-05,1.18E-05
EleanorNorton,3.11E-05,0.203440245,0.260277425,4.85E-04,2.63E-05,0.31243215,0.109135966,8.15E-04,0.005230007,3.86E-04,0.009371172,0.04729604,0.051035667,2.72E-05,1.11E-05
FrankPallone,0.002378846,0.167161487,0.076249998,0.0155683,0.019486245,0.268689423,0.120792725,7.89E-04,0.00103868,3.82E-05,1.63E-05,0.095462929,0.232290457,2.63E-05,1.08E-05
GerryConnolly,0.110843533,0.216172347,0.064885481,0.040274262,2.79E-05,0.254675766,0.144312996,1.30E-04,3.52E-05,4.19E-05,0.032782406,1.89E-04,0.135588871,2.89E-05,1.18E-05
gillibrandny,2.73E-05,0.153211361,0.022303245,0.014127296,0.00672152,0.388749239,0.206739424,1.07E-04,0.035652608,6.44E-04,1.48E-05,0.049481001,0.122187594,2.39E-05,9.77E-06
GKButterfield,3.34E-05,0.241204072,0.102052837,1.48E-04,2.82E-05,0.324032427,0.085215765,0.003480212,3.56E-05,0.131398565,1.80E-05,0.002795657,0.109515627,2.92E-05,1.19E-05
GOPLeader,0.016823878,0.191291071,1.03E-04,0.052981349,3.10E-05,0.120289258,0.155589744,0.446026452,3.92E-05,4.66E-05,1.98E-05,2.10E-04,0.01650328,3.21E-05,1.31E-05
gracenapolitano,3.08E-05,0.165914034,0.107559769,0.013528245,0.051874205,0.370418582,0.069018003,1.21E-04,3.28E-05,3.91E-05,1.66E-05,0.054084477,0.167324271,2.69E-05,1.10E-05
GReschenthaler,4.06E-04,0.331129944,0.003817624,0.00908596,2.82E-05,0.109776553,0.11469812,0.107379889,7.80E-04,0.225338956,1.81E-05,0.089937229,0.002348588,0.005242672,1.20E-05
HerreraBeutler,2.74E-05,0.330505692,7.69E-05,1.22E-04,0.013473284,0.214525655,0.070308766,0.012335137,2.92E-05,6.46E-04,1.48E-05,0.357501653,3.99E-04,2.40E-05,9.81E-06
HurdOnTheHill,0.001650735,0.351306145,8.16E-05,0.243695677,2.46E-05,0.221768046,0.088865872,0.036762794,3.10E-05,6.86E-04,1.57E-05,0.030004027,0.001396786,0.004241623,0.019469768
Ilhan,0.007262868,0.088563753,0.112059807,0.027715254,3.42E-05,0.229665068,0.247367072,0.014152415,0.025321344,0.00546816,0.006792823,0.00519688,0.230350447,3.54E-05,1.45E-05
JacksonLeeTX18,0.108375476,0.114623491,0.233320957,0.07583642,3.14E-05,0.085508077,0.23239177,9.73E-04,3.95E-05,4.61E-04,0.003741592,0.006414667,0.135343035,3.24E-05,0.00290781
jahimes,0.214293465,0.124169063,0.027759097,0.062761749,3.95E-05,0.116135464,0.341962977,0.015822218,0.015167011,5.94E-05,2.53E-05,0.028937846,0.052809341,4.09E-05,1.67E-05
janschakowsky,0.004444184,0.115494708,0.150781136,1.60E-04,3.04E-05,0.362990585,0.077345696,0.018575572,3.83E-05,4.56E-05,0.001622409,0.024250272,0.244176916,3.14E-05,1.29E-05
JeffFortenberry,2.85E-05,0.340127143,7.98E-05,0.178406281,0.00319629,0.132532388,0.101830251,0.04166814,0.002568125,3.61E-05,0.102478632,0.060117984,0.006759016,0.030161124,1.02E-05
JerryMoran,0.001030154,0.358811011,8.39E-05,0.066147332,2.53E-05,0.209308184,0.042677437,0.025789773,0.017702381,3.80E-05,6.83E-04,0.108194424,1.02E-04,0.169396192,1.07E-05
JimInhofe,2.94E-05,0.313697147,8.25E-05,0.179395691,2.48E-05,0.163137131,0.083243346,0.144969472,0.011829398,0.004297733,1.59E-05,0.025075103,0.002066882,0.072124939,1.05E-05
JimLangevin,3.02E-05,0.306352577,0.06867103,0.018289369,2.55E-05,0.296800488,0.056820675,7.91E-04,0.059877167,3.83E-05,0.003714586,0.088258927,0.100293112,2.64E-05,1.08E-05
JimPressOffice,0.014915507,0.310407112,0.028379639,0.001189173,3.76E-05,0.163971787,0.066921743,0.156815923,0.190396162,0.006500552,2.40E-05,0.059242535,0.001143471,3.89E-05,1.59E-05
Jim_Jordan,0.402570667,0.070725313,0.001777188,0.008108755,3.17E-05,0.059685434,0.207747457,0.228374873,0.002129969,4.76E-05,2.03E-05,2.14E-04,0.018520194,3.28E-05,1.34E-05
JoaquinCastrotx,0.124966006,0.128890397,0.185345476,0.069097294,0.00304815,0.040402542,0.134837316,1.52E-04,4.72E-04,4.91E-05,2.09E-05,0.035976014,0.268941295,3.38E-05,0.007767939
JohnBoozman,2.95E-04,0.537005128,0.001152413,0.022876384,2.06E-05,0.15552563,0.035508848,0.018798041,0.013036344,3.09E-05,0.010313058,0.071967401,8.32E-05,0.13337809,8.70E-06
JohnCornyn,0.04641437,0.205928858,0.003431356,0.163436741,3.59E-05,0.021666281,0.198265609,0.225401674,0.04594395,0.001473436,2.29E-05,0.01017953,0.054561147,3.71E-05,0.023201131
JudgeCarter,3.36E-05,0.527679573,4.68E-04,0.051002672,2.84E-05,0.10050609,0.074412318,0.190084549,3.58E-05,0.036687008,3.92E-04,0.018513999,1.15E-04,2.93E-05,1.20E-05
justinamash,0.225362371,0.119083044,5.12E-04,0.103215906,3.10E-05,0.109509259,0.334923293,0.046763271,3.91E-05,4.66E-05,1.98E-05,0.016976266,0.043473039,3.21E-05,1.31E-05
KenCalvert,3.13E-05,0.212713298,8.76E-05,0.029721053,0.059538811,0.196560982,0.136079699,0.253833552,3.33E-05,3.96E-05,1.69E-05,0.109110601,0.002194923,2.73E-05,1.12E-05
KYComer,0.062408437,0.557849411,6.29E-04,2.01E-04,0.011605516,0.007940468,0.063874357,0.019288633,0.024691648,0.01011587,0.00153317,7.61E-04,0.001663078,0.23742223,1.61E-05
LacyClayMO1,0.301761932,0.050202886,0.224296414,0.013069278,4.63E-05,0.086596303,0.203990978,0.008765719,5.84E-05,6.96E-05,2.96E-05,0.001534741,0.108899636,6.59E-04,1.96E-05
LeaderHoyer,2.48E-05,0.2179545,0.287375878,0.012830335,2.10E-05,0.234432096,0.068855221,0.044064475,2.64E-05,3.15E-05,1.34E-05,0.022540107,0.111799693,2.17E-05,8.88E-06
LindseyGrahamSC,0.215074285,0.131035419,5.48E-04,0.170976433,3.32E-05,0.033629728,0.151095806,0.209058016,0.009238896,4.99E-05,2.12E-05,6.63E-04,0.078527956,3.43E-05,1.41E-05
lisamurkowski,2.36E-05,0.298524691,0.001382251,0.01510758,2.00E-05,0.144969134,0.04843054,9.28E-05,0.005026026,3.00E-05,1.28E-05,0.486007627,8.07E-05,2.84E-04,8.45E-06
MacTXPress,0.016254103,0.310401418,0.001014099,0.335262052,0.001835667,0.09448441,0.056299491,0.108700244,4.93E-04,5.13E-05,2.18E-05,0.056978822,1.38E-04,0.018050494,1.45E-05
marcorubio,2.95E-05,0.145718087,8.26E-05,0.238620586,2.49E-05,0.049465594,0.229633945,0.031280056,3.59E-04,3.74E-05,1.59E-05,0.002792628,0.009613983,2.57E-05,0.292299836
MarioDB,3.54E-04,0.097488013,8.17E-05,0.024160614,2.46E-05,0.051565572,0.044491393,0.030640414,3.11E-05,3.70E-05,1.57E-05,1.67E-04,0.004321296,2.55E-05,0.746596641
MarkAmodeiNV2,0.00995776,0.586562033,0.001916584,0.003786138,3.42E-05,0.098175879,0.022541332,0.065072045,4.31E-05,0.034761827,2.19E-05,0.044408196,1.38E-04,0.007247914,0.125332858
MarkWarner,0.030716936,0.1120677,0.005849486,0.051546205,2.91E-05,0.442513887,0.161468392,0.006271712,0.047211017,4.37E-05,0.067136557,0.006333215,0.068769749,3.01E-05,1.23E-05
MarshaBlackburn,3.36E-05,0.41334899,9.42E-05,0.03384019,2.84E-05,0.126448601,0.043051105,0.171580889,0.136670851,0.00116566,1.81E-05,0.069071043,0.00423261,4.04E-04,1.20E-05
MartinHeinrich,3.18E-05,0.091419162,8.91E-05,0.012533497,2.68E-05,0.384084325,0.06939812,0.001541079,3.88E-04,4.03E-05,1.72E-05,0.220763356,0.219274119,3.82E-04,1.14E-05
maziehirono,2.84E-05,0.117920928,7.97E-05,0.051451517,2.40E-05,0.262578142,0.172035616,0.009933167,0.081770291,6.70E-04,0.017757373,0.020122266,0.265593763,2.48E-05,1.02E-05
michaelcburgess,2.60E-05,0.297043123,7.29E-05,0.073709999,0.008424479,0.267660052,0.0672214,0.217408441,0.006691768,0.005248349,1.40E-05,0.027963816,0.028483576,2.27E-05,9.30E-06
MikeCrapo,3.45E-05,0.409549167,9.67E-05,0.072752033,2.91E-05,0.098253582,0.051858019,0.028944459,0.019242759,4.37E-05,1.86E-05,0.135791559,5.02E-04,0.182871482,1.23E-05
MikeKellyPA,2.94E-05,0.30241711,8.23E-05,0.022684226,2.48E-05,0.181341949,0.094792877,0.326328358,3.13E-05,3.72E-05,1.58E-05,0.024682666,0.00598388,0.041537719,1.05E-05
NitaLowey,3.43E-05,0.126776852,0.298147866,0.025721368,2.89E-05,0.288430373,0.080143715,0.01807108,3.65E-05,8.07E-04,1.85E-05,0.060493037,0.101248618,2.99E-05,1.23E-05
NormaJTorres,0.005900459,0.137828552,0.069829848,0.01567455,0.008312471,0.392490053,0.156750604,0.006681703,3.30E-05,7.30E-04,3.62E-04,0.01640441,0.169974914,2.71E-05,0.019000504
NydiaVelazquez,3.00E-05,0.134942403,0.223430228,4.67E-04,3.59E-04,0.220270921,0.160249925,4.52E-04,0.001033478,3.80E-05,1.62E-05,0.080629287,0.15901542,2.62E-05,0.019040215
PatrickMcHenry,3.18E-05,0.497528604,0.001506424,0.010770805,2.69E-05,0.134210312,0.034370141,0.083743185,3.39E-05,0.228927655,1.72E-05,0.008685284,1.09E-04,2.78E-05,1.14E-05
PattyMurray,2.39E-05,0.052679761,0.00245901,6.38E-04,2.02E-05,0.456307517,0.10206509,6.25E-04,0.131060554,3.03E-05,1.29E-05,0.112566068,0.141216748,2.87E-04,8.53E-06
PeterWelch,0.004017532,0.219247471,0.011683902,0.048689114,2.75E-05,0.235038495,0.113755356,0.00157681,0.174650204,0.002939441,1.76E-05,0.060685394,0.127631216,2.84E-05,1.16E-05
RandPaul,0.122394851,0.169956536,9.97E-05,0.193398557,3.00E-05,0.157122174,0.285506823,0.061913228,0.001225822,0.002025021,1.92E-05,0.004558936,0.00170542,3.10E-05,1.27E-05
RepAbraham,2.72E-05,0.384099691,6.81E-04,0.06579176,0.003654523,0.139146421,0.148290771,0.196211847,2.89E-05,0.012744985,1.47E-05,0.010142058,0.005237575,0.033918447,9.71E-06
RepAdams,4.70E-05,0.250058706,0.450363068,0.004914885,3.96E-05,0.069960233,0.016212807,1.84E-04,0.005802092,0.173145056,0.018850359,7.91E-04,0.009572926,4.10E-05,1.68E-05
RepAdamSchiff,0.081468999,0.080494119,0.001817298,0.145701262,1.90E-05,0.155823044,0.292206112,8.83E-05,2.40E-05,2.85E-05,1.21E-05,0.00739607,0.234893396,1.96E-05,8.04E-06
RepAdamSmith,2.74E-05,0.241424951,0.090588229,0.056196077,2.31E-05,0.315049763,0.04845706,4.12E-04,3.34E-04,3.47E-05,1.48E-05,0.057754561,0.189649641,2.39E-05,9.78E-06
RepAdrianSmith,3.20E-05,0.479170694,8.96E-05,0.009047316,2.70E-05,0.10393733,0.019593055,0.073148191,3.41E-05,4.06E-05,0.165297714,0.023336212,0.01970071,0.106534078,1.14E-05
RepAGonzalez,0.008367562,0.440566264,1.61E-04,0.003451261,6.88E-04,0.289441959,0.06200951,0.053921799,6.11E-05,7.28E-05,3.10E-05,0.027815333,1.96E-04,0.113196182,2.05E-05
RepAlexMooney,3.45E-05,0.500776893,9.66E-05,0.036986203,2.91E-05,0.090466921,0.042973726,0.16665168,3.67E-05,0.014239796,0.13699178,0.010556107,1.18E-04,3.01E-05,1.23E-05
RepAlGreen,0.012579786,0.199591211,0.04095183,0.094742791,2.44E-05,0.192700692,0.147072138,1.13E-04,6.74E-04,0.03318387,1.56E-05,1.65E-04,0.278149188,2.52E-05,1.03E-05
RepAlLawsonJr,2.80E-05,0.4124978,0.043131536,0.008235912,0.012502793,0.248268836,0.051477865,1.10E-04,2.98E-05,0.205941304,1.51E-05,0.012639154,0.005087364,2.45E-05,1.00E-05
RepAmata,0.001211043,0.490406981,9.86E-05,0.048758107,2.97E-05,0.077523058,0.008624673,0.01424836,3.75E-05,0.018858209,0.238324245,0.101715932,1.20E-04,3.07E-05,1.26E-05
RepAndreCarson,3.01E-05,0.309682104,0.056377997,0.030961177,0.013428662,0.319596743,0.117950172,1.18E-04,3.20E-05,7.08E-04,1.62E-05,0.001847272,0.096941316,0.052298968,1.08E-05
RepAndyBarr,0.007451818,0.526658412,8.49E-05,0.006881435,0.001037605,0.127106607,0.022266117,0.162043148,3.23E-05,0.075603054,1.64E-05,0.025811026,0.002464885,0.042531557,1.08E-05
RepAndyBiggsAZ,0.217174706,0.336302033,8.54E-05,0.00624255,2.57E-05,0.09662526,0.094662863,0.230156795,3.24E-05,0.00648511,1.64E-05,0.012049099,1.04E-04,2.66E-05,1.09E-05
RepAndyHarrisMD,0.020062064,0.471998182,0.002462069,0.054118864,2.57E-05,0.138791137,0.055682542,0.149507733,0.001051023,0.060812436,1.65E-05,0.042953443,1.04E-04,0.001724212,6.90E-04
RepAndyKimNJ,5.24E-05,0.353226021,0.102869636,2.33E-04,0.030977812,0.451039535,0.058367862,7.89E-04,0.00180677,6.65E-05,2.83E-05,2.99E-04,1.79E-04,4.58E-05,1.87E-05
RepAndyLevin,3.52E-05,0.175210978,0.07728238,0.045212841,2.97E-05,0.401899649,0.135171353,0.006015064,3.75E-05,4.46E-05,1.90E-05,0.024884093,0.134114376,3.07E-05,1.26E-05
RepAngieCraig,3.36E-05,0.388580334,0.033747141,1.49E-04,0.0123678,0.496864136,0.013836843,1.32E-04,0.041167253,0.001538275,1.81E-05,0.008044164,1.15E-04,0.003394622,1.20E-05
RepAnnaEshoo,2.92E-05,0.170562981,0.044333275,0.024207782,0.004905339,0.259257331,0.132104903,0.002392356,3.11E-05,0.001338568,0.002944175,0.143333157,0.214523844,2.55E-05,1.04E-05
RepAnnieKuster,2.50E-05,0.191135702,0.072107494,1.11E-04,2.11E-05,0.458867312,0.028093111,3.76E-04,3.05E-04,3.10E-04,1.35E-05,0.163130979,0.085473406,2.18E-05,8.93E-06
RepAnnWagner,3.44E-04,0.408864683,0.001027265,0.080369945,2.40E-05,0.237821571,0.053707986,0.164706148,3.02E-05,0.018043468,1.53E-05,0.03364965,0.001360602,2.48E-05,1.01E-05
RepAOC,3.32E-04,0.193082104,0.171080876,0.001475786,2.80E-04,0.254442452,0.229349498,0.001304042,0.048439603,4.21E-04,1.79E-04,0.001897198,0.097306511,2.90E-04,1.19E-04
RepArmstrongND,0.025602152,0.340298559,0.00332827,0.001809556,4.04E-05,0.175573503,0.070809264,0.132750869,5.09E-05,6.06E-05,2.58E-05,0.036475055,1.63E-04,0.21299464,1.71E-05
RepArrington,3.44E-05,0.243918221,9.63E-05,0.042643211,2.90E-05,0.176771294,0.095318234,0.365706233,8.02E-04,0.001191987,1.86E-05,0.020101791,1.17E-04,0.053238818,1.23E-05
RepBalderson,4.79E-05,0.501079146,1.34E-04,0.002877384,0.012298253,0.259966701,0.025051064,0.085459844,5.84E-04,6.07E-05,5.59E-04,0.001872203,1.63E-04,0.109829428,1.71E-05
RepBarbaraLee,3.00E-05,0.097819645,0.242297943,0.011810093,2.53E-05,0.343232705,0.108097017,1.18E-04,6.99E-04,0.002039764,1.62E-05,0.009179078,0.184598678,2.62E-05,1.07E-05
RepBarragan,0.005440612,0.157641042,0.15393907,1.35E-04,7.02E-04,0.289376817,0.072701771,1.19E-04,3.23E-05,0.001391072,1.64E-05,0.006598106,0.264191548,2.65E-05,0.04768868
RepBeatty,5.70E-04,0.152876099,0.440658074,0.032123363,3.97E-05,0.144813079,0.116150677,0.022681641,5.00E-05,5.96E-05,2.54E-05,2.68E-04,0.037830222,0.051836883,1.68E-05
RepBenCline,0.001989616,0.510496367,0.015472614,0.007996364,7.22E-05,0.08262813,0.074265323,0.182179856,9.10E-05,1.08E-04,0.115245888,0.007152768,0.002196203,7.46E-05,3.06E-05
RepBenMcAdams,0.335400281,0.287533753,0.016846811,1.55E-04,2.95E-05,0.228558049,0.069723481,0.005979921,3.72E-05,4.44E-05,1.89E-05,0.055509738,1.19E-04,3.05E-05,1.25E-05
repbenraylujan,2.75E-05,0.199794361,0.097029067,1.22E-04,2.33E-05,0.324539722,0.034670891,1.08E-04,2.93E-05,3.49E-05,1.49E-05,0.124722092,0.21884942,2.41E-05,9.85E-06
RepBera,2.96E-05,0.290791421,0.011962862,4.62E-04,0.044574336,0.532871984,0.08019027,1.16E-04,3.16E-05,3.76E-05,1.60E-05,0.014029043,0.02452086,3.56E-04,1.06E-05
RepBillFlores,4.08E-05,0.269226303,0.002837341,0.062359135,3.44E-05,0.067982141,0.127535163,0.424060044,4.34E-05,5.17E-05,2.20E-05,0.009763728,0.002408506,3.56E-05,0.033599797
RepBillFoster,3.10E-05,0.21408189,0.03811837,0.063754041,2.62E-05,0.391995632,0.069149508,0.001504848,3.79E-04,0.001768073,1.68E-05,0.047543666,0.171592941,2.71E-05,1.11E-05
RepBillJohnson,0.009888189,0.503359748,9.92E-05,0.026562748,0.007912123,0.084650701,0.069759623,0.129013574,3.77E-05,4.49E-05,0.066229925,0.038431009,1.21E-04,0.063877049,1.27E-05
RepBlaine,3.13E-05,0.540233643,8.76E-05,0.024517731,2.64E-05,0.142368042,0.035524951,0.149529873,3.33E-05,0.066210636,1.69E-05,0.031174506,1.07E-04,0.010127087,1.12E-05
repblumenauer,3.05E-05,0.122211384,0.064210792,0.001153232,0.022418726,0.358216212,0.174056226,0.001816054,3.24E-05,3.78E-04,1.64E-05,0.057513674,0.193498176,0.004437345,1.09E-05
RepBobbyRush,8.16E-04,0.12149832,0.138306636,0.030218045,2.96E-05,0.348171296,0.13547723,1.38E-04,0.001989431,4.45E-05,1.89E-05,0.031043363,0.192206004,3.06E-05,1.25E-05
RepBobGibbs,0.012494324,0.347771839,0.001655403,0.00288083,2.95E-05,0.107379627,0.05256471,0.236475804,3.72E-05,4.43E-05,1.89E-05,0.075345235,1.19E-04,0.16317031,1.25E-05
RepBonamici,2.86E-05,0.157789837,0.153664094,1.27E-04,0.035393068,0.301046261,0.040787219,1.12E-04,3.05E-05,3.63E-05,1.54E-05,0.19102808,0.119905945,2.50E-05,1.02E-05
RepBonnie,3.49E-05,0.160117985,0.188494852,0.002874116,0.014790463,0.241532236,0.213647962,0.026939832,0.005863861,4.42E-05,1.88E-05,0.004083714,0.141514103,3.05E-05,1.25E-05
RepBost,3.34E-05,0.313766271,9.36E-05,0.007590742,2.82E-05,0.193420468,0.092658042,0.166838189,3.56E-05,4.14E-04,1.80E-05,0.065310782,1.14E-04,0.159666014,1.19E-05
RepBradWenstrup,0.004389651,0.38917799,9.96E-05,0.090406717,0.003592465,0.137664407,0.103708747,0.22655318,3.79E-05,4.51E-05,1.92E-05,0.003765475,1.21E-04,0.040405495,1.27E-05
RepBrendanBoyle,0.067929496,0.133764688,0.046965912,0.075985479,3.99E-05,0.185643956,0.361514818,0.011762334,0.012679577,0.003217243,0.012654765,0.011846718,0.075936963,4.13E-05,1.69E-05
RepBrianBabin,0.001143886,0.254856103,0.002867315,0.105555824,0.004496294,0.164400264,0.123066161,0.299370035,2.67E-05,3.19E-05,1.36E-05,0.039859852,0.004281198,2.19E-05,8.98E-06
RepBrianFitz,2.89E-05,0.353553355,0.035526662,0.11871011,2.44E-05,0.224205618,0.117616317,0.022347642,3.08E-05,3.67E-05,0.006782503,0.120357984,7.43E-04,2.53E-05,1.03E-05
RepBrianHiggins,3.37E-05,0.382963464,0.086892624,1.50E-04,2.85E-05,0.269708427,0.048097609,0.002762714,3.59E-05,4.28E-05,0.127021445,0.032131406,0.045956675,0.004162703,1.21E-05
RepBrianMast,2.90E-05,0.216841312,7.27E-04,0.002390353,0.2474925,0.22155443,0.116304972,0.027251379,0.00100009,3.68E-05,1.57E-05,0.166221256,9.91E-05,2.53E-05,1.04E-05
RepBrindisi,2.79E-05,0.38800996,7.83E-05,1.24E-04,0.13846528,0.381348814,0.044178316,4.21E-04,2.98E-05,3.54E-05,1.51E-05,0.046825306,4.07E-04,2.44E-05,9.99E-06
RepBrownley,2.89E-05,0.296613787,0.044885867,0.002707296,0.090600949,0.418969032,0.056410326,1.14E-04,3.08E-05,3.59E-04,1.56E-05,0.073013339,0.016215703,2.53E-05,1.03E-05
RepBryanSteil,4.61E-05,0.586328197,1.29E-04,0.001232553,3.90E-05,0.245479237,0.019526068,0.045907757,4.91E-05,5.85E-05,0.095588415,0.005401345,1.58E-04,4.03E-05,1.65E-05
RepBuddyCarter,3.02E-05,0.542062634,8.47E-05,1.34E-04,2.55E-05,0.129792411,0.020187583,0.098693822,0.002723646,0.1406678,1.63E-05,0.064095053,0.001448948,2.64E-05,1.08E-05
RepByrne,3.24E-05,0.358899238,0.017436053,0.016405219,2.74E-05,0.143382108,0.114551682,0.199596227,0.002202696,0.023167974,0.110592631,0.013555536,1.11E-04,2.83E-05,1.16E-05
RepCarbajal,2.90E-04,0.168609605,0.068127581,0.012335726,0.073929799,0.363111265,0.103953259,9.37E-05,2.54E-05,3.03E-05,1.29E-05,0.12907944,0.075586374,2.08E-05,0.004794051
RepCardenas,4.23E-04,0.168336883,0.088879635,5.42E-04,0.01127254,0.334886132,0.102353148,0.005564405,3.71E-05,0.006247267,1.88E-05,1.99E-04,0.264138979,3.04E-05,0.017071009
RepCarolMiller,0.025662634,0.425786982,1.84E-04,0.001023131,7.87E-04,0.214859767,0.038764449,0.205764888,6.99E-05,8.33E-05,0.059274143,0.026703416,9.56E-04,5.73E-05,2.35E-05
RepCartwright,3.39E-05,0.288498796,0.070975429,0.028427239,2.86E-05,0.326046164,0.061079638,0.003903161,3.61E-05,0.076955874,1.83E-05,0.089925138,0.054030124,2.96E-05,1.21E-05
RepCasten,3.27E-05,0.258327634,0.145064092,5.10E-04,0.001120376,0.363082505,0.086693713,1.28E-04,3.48E-05,4.15E-05,7.46E-04,0.080686592,0.063491651,2.86E-05,1.17E-05
RepCharlieCrist,3.03E-05,0.298443842,0.038944926,0.029533171,0.134852542,0.337164765,0.040213077,4.57E-04,3.23E-05,0.022678593,1.64E-05,0.054915075,0.034232785,2.65E-05,0.00845865
RepCheri,6.28E-04,0.363494318,0.049634815,0.002222349,2.28E-05,0.418937202,0.072688237,1.06E-04,0.008739133,3.42E-05,1.46E-05,0.011868056,0.009102913,0.062498214,9.64E-06
RepChipRoy,0.226448475,0.270688264,9.76E-05,0.094364476,2.94E-05,0.057296779,0.138796443,0.194759384,3.71E-05,4.42E-05,4.06E-04,0.003688103,0.013300555,3.04E-05,1.24E-05
RepChrisCollins,2.83E-05,0.575259874,7.94E-05,0.01243125,2.39E-05,0.098060631,0.035339918,0.078991773,3.02E-05,0.012656819,0.033145121,0.142777843,9.68E-05,0.011068014,1.01E-05
RepChrisPappas,2.50E-05,0.328893914,0.027682559,3.90E-04,2.11E-05,0.324316606,0.049647753,6.56E-04,2.67E-05,3.18E-05,1.35E-05,0.193708557,0.074555289,2.19E-05,8.95E-06
RepChrisSmith,4.85E-04,0.393441083,0.00589657,0.093620936,0.163337211,0.154309957,0.076536624,0.021070396,4.26E-05,0.00806011,2.16E-05,0.080322573,0.002806319,3.49E-05,1.43E-05
RepChrisStewart,0.225837445,0.357908078,1.04E-04,0.070906699,0.004966716,0.107672061,0.097889892,0.050322893,3.93E-05,4.68E-05,1.99E-05,0.082469795,0.001771354,3.22E-05,1.32E-05
RepChuck,7.17E-04,0.390893275,0.001458869,0.022097204,2.60E-05,0.144041888,0.094362238,0.295212535,0.031600748,3.91E-05,1.66E-05,0.016646221,0.002850303,2.69E-05,1.10E-05
RepChuyGarcia,4.28E-05,0.19548681,0.05254208,1.90E-04,3.61E-05,0.384010562,0.043369586,1.68E-04,4.56E-05,0.002437099,5.00E-04,7.21E-04,0.188389376,3.74E-05,0.132023804
RepCindyAxne,3.38E-05,0.369280543,9.48E-05,0.002787492,4.05E-04,0.419232044,0.021475903,0.00540718,0.150355335,4.29E-05,1.83E-05,0.030709182,1.16E-04,2.95E-05,1.21E-05
RepClayHiggins,0.01500791,0.239626019,5.06E-04,0.06247557,3.07E-05,0.080032555,0.078096823,0.472758903,3.87E-05,0.019064031,1.96E-05,0.028532145,0.00376587,3.17E-05,1.30E-05
repcleaver,3.25E-05,0.182097723,0.090199101,0.004848818,2.74E-05,0.309692416,0.141134712,0.035591785,3.46E-05,4.12E-05,1.75E-05,0.036011696,0.136539645,0.063719192,1.16E-05
RepCloudTX,0.005607452,0.459587086,3.45E-04,0.055390413,1.04E-04,0.136818366,0.076786978,0.218485809,1.31E-04,0.039917598,6.65E-05,7.03E-04,4.21E-04,0.005591841,4.40E-05
RepCohen,0.100917245,0.101300711,0.157289792,0.030887415,2.62E-05,0.170604276,0.229414078,0.001158308,0.024909095,3.85E-04,1.67E-05,0.033690783,0.149362321,2.71E-05,1.11E-05
RepColinAllred,3.78E-05,0.330001807,0.082164531,0.084751408,3.19E-05,0.471222082,0.0244091,0.006460559,4.02E-05,4.79E-05,2.04E-05,2.16E-04,5.50E-04,3.30E-05,1.35E-05
RepConorLamb,3.48E-05,0.589830596,4.86E-04,0.002482775,4.17E-04,0.2323272,0.020177532,1.37E-04,3.71E-05,0.106354947,0.008166714,0.031238644,0.008266935,3.04E-05,1.25E-05
RepCuellar,2.77E-05,0.464231142,0.003778634,0.045768962,0.004032823,0.11805896,0.01727283,0.09170897,2.95E-05,0.012063439,1.50E-05,0.075412258,0.038338487,0.016678771,0.112582584
RepCummings,0.045953974,0.239367056,0.278849715,0.011264815,2.72E-05,0.30020935,0.067090455,0.009813102,3.43E-05,7.58E-04,1.74E-05,0.011664452,0.034910145,2.81E-05,1.15E-05
RepCunningham,3.50E-05,0.280679758,0.132398658,5.46E-04,0.119841499,0.253590851,0.109276482,5.28E-04,4.28E-04,0.018777252,0.018751726,0.062642859,0.002461327,3.06E-05,1.25E-05
RepDanCrenshaw,0.005961134,0.194694411,0.008198273,0.057193001,4.08E-05,0.226187818,0.204265126,0.288844921,5.14E-05,0.003823951,2.61E-05,0.004575971,0.006077772,4.21E-05,1.73E-05
RepDanKildee,0.011687444,0.180924856,0.088348023,0.016453439,2.53E-05,0.42259849,0.057623054,0.008777308,3.19E-05,3.71E-04,1.61E-05,0.126072227,0.087034094,2.61E-05,1.07E-05
RepDannyDavis,0.023262235,0.19499541,0.092990897,0.007233504,4.09E-05,0.214208169,0.219183541,0.037980166,0.016247272,0.027054226,0.024859496,0.037526882,0.104357609,4.23E-05,1.73E-05
RepDarrenSoto,3.54E-05,0.221042775,0.090457785,0.001341164,0.030017888,0.191681691,0.058794001,5.34E-04,3.77E-05,0.004385301,1.91E-05,0.068859049,0.105473521,3.09E-05,0.22728991
RepDaveJoyce,2.94E-05,0.361489462,0.004007279,0.029240679,0.008201817,0.258978697,0.069015513,0.037402509,0.002320843,3.72E-05,1.59E-05,0.115627242,1.00E-04,0.113522641,1.05E-05
RepDavid,3.46E-05,0.579675519,9.69E-05,0.009390183,2.92E-05,0.156941321,0.048109213,0.031694175,0.001576243,0.147060226,1.87E-05,0.024058697,8.88E-04,4.15E-04,1.24E-05
RepDavidEPrice,2.80E-05,0.20509612,0.09869449,0.022281894,2.37E-05,0.302959581,0.103298514,0.011968902,2.98E-05,0.052152201,1.51E-05,0.0229416,0.180475555,2.45E-05,1.00E-05
RepDavidKustoff,2.72E-05,0.569566697,7.63E-05,0.039219541,0.004872422,0.114503908,0.033341285,0.087396784,0.109444487,0.012764299,1.47E-05,0.014097599,9.30E-05,0.014572086,9.73E-06
RepDavidRouzer,3.06E-05,0.368767702,8.57E-05,1.36E-04,2.58E-05,0.087081368,0.038131162,0.062761526,3.26E-05,0.401761461,1.65E-05,0.040346884,7.85E-04,2.67E-05,1.09E-05
RepDavids,3.57E-05,0.486874779,0.047466185,1.59E-04,3.02E-05,0.256249534,0.038213055,5.38E-04,3.81E-05,4.53E-05,1.93E-05,0.009756965,0.00131621,0.159244717,1.28E-05
repdavidscott,3.17E-05,0.438817019,0.033594324,0.007194519,2.67E-05,0.22388365,0.034212555,4.77E-04,0.00391332,0.230346859,1.71E-05,0.007587391,0.019858849,2.77E-05,1.13E-05
RepDavidTrone,3.89E-05,0.195030973,0.157797435,0.050425194,3.28E-05,0.388497656,0.098340629,0.022246434,0.002207477,4.93E-05,0.00825199,0.031413312,0.045619944,3.40E-05,1.39E-05
RepDean,3.57E-05,0.127247689,0.374849201,1.59E-04,3.01E-05,0.218883901,0.164923247,1.40E-04,4.35E-04,8.40E-04,1.93E-05,0.019676481,0.09271636,3.12E-05,1.28E-05
RepDeanPhillips,5.17E-05,0.208598354,0.201141317,0.003685305,4.37E-05,0.331032651,0.176810331,0.036486054,0.031154802,6.56E-05,6.04E-04,0.001447236,0.008815494,4.52E-05,1.85E-05
RepDebDingell,0.026961562,0.246026389,0.042297775,0.010609031,0.002441708,0.411432705,0.132217977,0.002552916,0.005262777,4.58E-05,1.95E-05,0.067318878,0.052366749,4.33E-04,1.29E-05
RepDebHaaland,5.30E-04,0.233034143,0.228196433,0.001652918,5.23E-04,0.175937214,0.073919606,1.71E-04,4.65E-05,5.54E-05,0.003427665,0.134954144,0.136312801,0.00344222,0.007796389
RepDelBene,2.75E-05,0.262127381,0.062532085,0.003795974,2.32E-05,0.410791425,0.072559457,1.08E-04,2.93E-05,3.49E-05,1.48E-05,0.125679413,0.06224281,2.40E-05,9.83E-06
repdelgado,2.49E-05,0.448641045,0.005884685,3.87E-04,0.109675291,0.28958382,0.067566029,9.76E-05,2.65E-05,3.15E-05,1.34E-05,0.064383937,0.009222807,0.004452188,8.89E-06
RepDennyHeck,0.001771996,0.245513174,0.106272457,0.029383254,2.64E-05,0.389851016,0.089475373,0.002559767,3.33E-05,3.96E-05,1.69E-05,0.064237621,0.070780652,2.73E-05,1.12E-05
RepDerekKilmer,0.003516404,0.367051705,0.069092888,1.39E-04,0.006299624,0.270719335,0.093402544,0.004304999,3.33E-05,3.97E-05,0.063794414,0.116929949,0.00115245,0.003512436,1.12E-05
RepDeSaulnier,0.048400553,0.211108637,0.200855343,0.004770481,2.51E-05,0.205671476,0.112314541,0.012043849,3.17E-05,3.77E-05,1.61E-05,0.012096977,0.192590935,2.60E-05,1.06E-05
RepDevinNunes,0.525994497,0.246504936,2.26E-04,0.062389536,0.036028081,0.030375725,0.054842967,0.013801908,8.60E-05,1.02E-04,4.36E-05,0.015744067,0.011962768,0.001868484,2.89E-05
RepDianaDeGette,8.73E-04,0.146934549,0.026622132,0.006891686,2.14E-05,0.378716387,0.120610843,0.004053991,2.70E-05,3.22E-05,0.003403189,0.082622604,0.229160072,2.21E-05,9.07E-06
repdinatitus,3.27E-05,0.313943885,0.059443143,1.45E-04,0.012043559,0.211112386,0.080107992,1.28E-04,3.48E-05,4.15E-05,1.77E-05,0.043881123,0.093326347,2.85E-05,0.185712734
RepDLamborn,3.24E-05,0.25085116,9.07E-05,0.133099979,2.73E-05,0.174676523,0.117104004,0.262076005,3.45E-05,4.01E-04,1.75E-05,0.061438351,1.11E-04,2.83E-05,1.16E-05
RepDLesko,0.134742091,0.377465786,0.044304478,1.37E-04,2.60E-05,0.129839914,0.055188639,0.218469716,3.28E-05,0.012379005,1.66E-05,0.025541301,0.001819042,2.69E-05,1.10E-05
RepDMP,2.79E-05,0.163703311,0.212874058,4.35E-04,0.001890218,0.237307235,0.098310573,0.005087358,2.98E-05,3.54E-05,1.51E-05,0.027536801,0.080671616,2.44E-05,0.17205101
RepDonaldPayne,3.18E-05,0.256676082,0.076539785,0.004034537,0.035420686,0.297941328,0.09698076,0.056754939,0.014191387,4.03E-05,1.72E-05,5.35E-04,0.160796658,2.78E-05,1.14E-05
RepDonBacon,3.57E-05,0.292517867,1.00E-04,0.084906204,8.26E-04,0.150312722,0.181830871,0.107168753,3.80E-05,4.53E-05,0.146039561,0.034819233,0.001315687,3.12E-05,1.28E-05
RepDonBeyer,0.021744801,0.096948139,0.212889147,0.022182166,0.037441608,0.124204811,0.265256201,0.010474068,3.19E-05,3.80E-05,0.014381373,0.031240222,0.163130552,2.62E-05,1.07E-05
repdonyoung,3.27E-05,0.464299321,8.20E-04,0.016178324,2.76E-05,0.117254894,0.013119522,0.035838198,3.48E-05,0.040852625,1.77E-05,0.304084033,0.001204941,0.006223116,1.17E-05
RepDougCollins,0.103960043,0.164332829,0.009852881,0.017576851,2.64E-05,0.249634162,0.17368114,0.195425259,3.34E-05,0.029335064,1.69E-05,0.018662847,0.037423682,2.73E-05,1.12E-05
RepDrewFerguson,3.22E-05,0.503778648,0.004039584,1.43E-04,2.72E-05,0.23580107,0.034108664,0.111423192,3.43E-05,0.093386439,1.74E-05,0.017058148,1.10E-04,2.81E-05,1.15E-05
RepDustyJohnson,6.83E-05,0.414490307,1.91E-04,0.001823833,5.76E-05,0.180779633,0.117082599,0.086176742,7.27E-05,8.66E-05,3.69E-05,0.007992481,2.33E-04,0.190883396,2.44E-05
RepDwightEvans,3.76E-05,0.156127652,0.336039397,0.001840307,0.001286767,0.240462071,0.125506558,0.024830069,4.00E-05,4.76E-05,0.019682676,0.033264132,0.060788923,3.28E-05,1.34E-05
RepDWStweets,0.010408233,0.151333956,0.193172386,0.026517267,2.25E-05,0.239010637,0.089283102,4.01E-04,2.84E-05,0.005669506,1.44E-05,0.054136452,0.129712675,2.33E-05,0.100266106
RepEBJ,3.00E-05,0.260993116,0.070668098,0.061016274,2.54E-05,0.357866611,0.086642443,1.18E-04,0.00739145,0.019774832,1.62E-05,0.013886936,0.121533719,2.62E-05,1.07E-05
RepEdCase,7.23E-05,0.369621934,0.081500127,0.038957614,6.10E-05,0.183352913,0.015297268,2.84E-04,7.70E-05,9.17E-05,0.120777978,0.134835557,0.05498193,6.31E-05,2.58E-05
RepElaineLuria,3.01E-05,0.426197074,0.067033216,0.047332584,2.54E-05,0.239606511,0.05456494,1.18E-04,3.20E-05,3.81E-05,0.130231986,0.034650416,1.03E-04,2.62E-05,1.07E-05
RepEliotEngel,3.31E-05,0.151546882,0.15709426,0.08454457,2.79E-05,0.221050917,0.154423355,0.001604123,3.52E-05,4.20E-05,1.79E-05,5.58E-04,0.226770177,2.89E-05,0.00222312
RepEscobar,3.27E-05,0.196254945,0.170748342,0.029317552,2.76E-05,0.130467837,0.1538843,0.027477367,4.00E-04,4.15E-05,1.77E-05,0.002374937,0.220725604,2.86E-05,0.068201406
RepEspaillat,3.15E-05,0.212048275,0.137312616,0.001543853,2.66E-05,0.112933991,0.084231346,0.001527558,3.36E-05,3.91E-04,1.70E-05,0.01281447,0.098726662,2.75E-05,0.338334084
RepFilemonVela,3.70E-05,0.26034129,0.026047177,0.041344531,0.002090236,0.153515136,0.06836106,0.023206109,3.94E-05,0.102173872,2.00E-05,0.023683948,0.167318072,3.23E-05,0.13178996
RepFinkenauer,0.007088389,0.403321887,0.057122996,3.11E-04,5.91E-05,0.364790078,0.051471575,2.75E-04,0.103010618,8.88E-05,3.78E-05,0.011317434,2.39E-04,8.41E-04,2.50E-05
RepFletcher,4.14E-05,0.319689991,0.106187512,0.074895199,0.008797392,0.331029836,0.07609684,0.011230913,4.41E-05,5.25E-05,2.24E-05,0.063879415,0.007981545,3.62E-05,1.48E-05
RepFrankLucas,3.63E-05,0.58763902,1.02E-04,0.039331675,3.06E-05,0.085928264,0.028673073,0.016698994,4.42E-04,0.008526214,1.96E-05,0.09833543,0.004162086,0.130061766,1.30E-05
RepFredUpton,3.54E-05,0.464553684,9.91E-05,0.007248402,0.101670715,0.157499353,0.060671136,0.010775721,3.77E-05,4.49E-05,1.91E-05,0.164875988,0.001696685,0.030759516,1.26E-05
RepFrenchHill,3.14E-05,0.414029742,0.001489014,0.107306991,2.66E-05,0.111996241,0.071796656,0.079973585,3.35E-05,0.022453953,1.70E-05,0.043256666,1.07E-04,0.147469998,1.12E-05
RepGallagher,3.01E-05,0.271635868,8.43E-05,0.232524339,2.54E-05,0.185439916,0.157719159,0.050346599,3.20E-05,3.81E-05,1.62E-05,0.100628842,1.03E-04,0.001365683,1.07E-05
RepGaramendi,0.274765372,0.240756772,0.03956572,0.021049388,0.018215733,0.116775386,0.077777616,0.005940584,3.70E-05,4.41E-05,1.88E-05,0.132146557,0.072864282,3.03E-05,1.24E-05
RepGarretGraves,4.32E-05,0.400509443,1.21E-04,0.009805553,0.267779901,0.10661113,0.076912338,0.048238308,4.60E-05,0.044758767,5.04E-04,0.044469884,1.47E-04,3.77E-05,1.54E-05
RepGilCisneros,2.68E-05,0.28983254,0.119323176,0.022179852,0.001811327,0.382425377,0.042632573,4.03E-04,2.85E-05,3.32E-04,1.45E-05,0.023406298,0.117550888,2.34E-05,9.57E-06
RepGolden,3.01E-05,0.243662578,0.001426562,8.05E-04,2.54E-05,0.461619806,0.059055002,0.007499975,0.178199102,3.82E-05,0.002700515,0.042113484,0.002787183,2.63E-05,1.08E-05
RepGosar,0.087594327,0.216108649,0.004684519,0.039535432,2.90E-05,0.087096739,0.11623859,0.377522198,3.66E-05,0.001190619,1.85E-05,0.046461439,0.022676425,7.95E-04,1.23E-05
RepGraceMeng,2.93E-04,0.342501997,0.028044619,0.035616499,2.04E-05,0.208424953,0.109218824,9.48E-05,2.57E-05,0.001913698,1.30E-05,0.038068226,0.205874307,2.11E-05,0.029868619
RepGregoryMeeks,0.041731481,0.158276508,0.173831102,0.110122843,0.001666083,0.125815387,0.24363016,0.003823062,3.91E-05,0.002499187,0.025772472,0.006341247,0.106406205,3.21E-05,1.31E-05
RepGregPence,5.15E-04,0.36092276,0.002008008,0.016246244,0.007592427,0.152921567,0.076040608,0.30809864,4.52E-05,5.38E-05,2.29E-05,0.003075971,1.45E-04,0.072297179,1.52E-05
RepGregStanton,0.002345462,0.213458651,0.170229411,0.001061964,5.76E-05,0.420380746,0.083504448,0.002544918,7.26E-05,0.068405443,3.68E-05,0.033789744,0.001751077,5.95E-05,0.002301668
RepGregSteube,0.026002693,0.302187457,0.052077214,3.98E-04,0.110705,0.165234948,0.165450355,0.139883985,9.53E-05,0.001110167,4.83E-05,0.03639101,3.06E-04,7.81E-05,3.20E-05
repgregwalden,2.75E-05,0.44065043,7.70E-05,0.036225922,0.205019626,0.157201182,0.032433664,0.033458032,2.93E-05,3.48E-05,1.48E-05,0.09408813,9.39E-05,6.36E-04,9.82E-06
RepGrothman,3.85E-05,0.449653861,5.36E-04,0.023313685,0.019318075,0.172193836,0.088715618,0.209721054,4.10E-05,0.002620219,0.004735029,0.027219627,1.31E-04,0.001319308,4.42E-04
RepGusBilirakis,3.00E-05,0.468970529,8.40E-05,0.028167266,0.102817047,0.168801537,0.064746968,0.025481855,3.19E-05,0.005377839,1.62E-05,0.134334425,1.02E-04,0.001027386,1.07E-05
RepGuthrie,4.54E-05,0.480804635,1.27E-04,0.00222356,0.165833084,0.145974412,0.037407217,0.043143308,4.83E-05,5.76E-05,2.45E-05,0.084167582,0.001166013,0.038960963,1.62E-05
RepGwenMoore,2.92E-05,0.080354871,0.096949856,0.003380298,0.002300071,0.4338871,0.15668068,0.049523807,3.11E-05,3.62E-04,1.58E-05,0.001141908,0.175307375,2.55E-05,1.04E-05
RepHagedorn,0.002182894,0.478612679,0.001307416,4.17E-04,7.92E-05,0.100055844,0.036564024,0.186298233,0.04814921,0.009519914,5.06E-05,0.008892161,0.002409549,0.125427954,3.35E-05
RepHaleyStevens,3.21E-05,0.352884391,0.119003588,0.010855422,2.71E-05,0.377377314,0.048209893,0.001197189,3.41E-05,7.55E-04,0.005016687,0.063032453,0.019392857,0.002170589,1.15E-05
RepHalRogers,3.77E-05,0.433871473,0.003885047,0.057697944,0.005910859,0.098174759,0.034016238,0.057678446,4.02E-05,4.78E-05,0.003799727,0.09805906,5.49E-04,0.206218523,1.35E-05
RepHankJohnson,8.00E-04,0.157406065,0.250828466,0.019675382,0.005388185,0.246440375,0.112544106,0.001666143,3.66E-05,0.020331844,1.86E-05,0.017805008,0.166634195,4.13E-04,1.23E-05
RepHarley,0.012522779,0.209349104,0.089728298,0.003248311,0.049690237,0.327920578,0.107143734,0.002296702,2.99E-05,3.56E-05,1.51E-05,0.033895987,0.163776794,2.45E-05,3.22E-04
RepHartzler,3.43E-04,0.468210318,3.94E-04,0.053960992,2.39E-05,0.126493765,0.081856403,0.171691598,3.45E-04,3.59E-05,1.53E-05,0.049274458,0.001985544,0.045359744,1.01E-05
RepHastingsFL,2.38E-05,0.114191599,0.117656097,0.072305202,0.014884688,0.412435418,0.101133314,0.001686211,2.54E-05,3.02E-05,1.29E-05,0.043137198,0.122448624,2.08E-05,8.52E-06
RepHolding,3.39E-05,0.345806474,9.49E-05,0.042377135,2.86E-05,0.168827073,0.076914654,0.06762025,3.61E-05,0.290351571,1.83E-05,0.00660279,0.001246736,2.96E-05,1.21E-05
RepHorsford,3.08E-05,0.200524183,0.099457464,1.37E-04,2.60E-05,0.475881438,0.040778032,1.21E-04,3.28E-05,3.82E-04,1.66E-05,0.033756376,0.034028404,2.69E-05,0.114801906
