twitter,25_c0,25_c1,25_c2,25_c3,25_c4,25_c5,25_c6,25_c7,25_c8,25_c9,25_c10,25_c11,25_c12,25_c13,25_c14,25_c15,25_c16,25_c17,25_c18,25_c19,25_c20,25_c21,25_c22,25_c23,25_c24
AustinScottGA08,0.178815402,0.003208032,0.004584497,0.113483688,0.016562748,1.14E-05,0.001746306,0.001438153,1.25E-05,0.20420351,7.87E-04,0.168015768,4.63E-05,1.22E-05,1.44E-05,3.64E-05,2.46E-05,0.059014527,0.062535207,0.091542668,4.67E-04,1.45E-05,1.33E-05,1.41E-05,0.093395851
BennieGThompson,0.050854372,0.122356304,1.04E-04,0.074717238,0.060553817,1.53E-05,1.74E-05,6.88E-05,0.035669634,3.15E-05,0.097823567,0.057265497,0.013489531,1.62E-05,1.93E-05,0.004215833,0.005589141,1.11E-04,0.051116098,0.095417461,0.03859159,0.135222596,1.78E-05,1.89E-05,0.156696912
BettyMcCollum04,0.028574385,0.109460439,0.009132215,0.05309804,0.174505295,0.017862881,1.07E-05,0.076557321,1.02E-05,1.93E-05,0.028415653,0.132251389,3.78E-05,9.93E-06,1.18E-05,3.13E-04,0.003420776,3.51E-04,1.12E-04,0.198677123,0.015401284,1.18E-05,1.09E-05,0.001995284,0.149748745
BillPascrell,0.028406441,0.060142878,0.009103637,0.05011528,0.092608647,1.14E-05,1.30E-05,0.00248156,1.25E-05,2.36E-05,0.019880726,0.067926607,0.034065718,1.22E-05,0.006262893,3.64E-05,0.05626074,0.035144051,4.85E-04,0.156931447,0.191392574,1.45E-05,1.33E-05,1.42E-05,0.188640946
BobbyScott,0.07885455,0.111831333,8.30E-05,0.154650568,0.120506481,1.21E-05,1.39E-05,5.48E-05,1.33E-05,0.001868966,0.066478556,0.091336033,0.002630622,7.50E-04,0.146786143,3.87E-05,3.95E-04,8.84E-05,5.15E-04,0.122090497,0.016353763,1.54E-05,1.42E-05,0.003333977,0.081284487
boblatta,0.110163391,8.27E-05,0.004950058,0.151304088,0.020086004,1.07E-05,1.22E-05,0.012728327,1.17E-05,2.21E-05,7.38E-04,0.227484617,4.34E-05,0.005538575,1.35E-05,3.41E-05,0.053669195,0.123626654,0.011508232,0.139178923,1.13E-04,0.010092534,1.25E-05,0.040979398,0.087596019
BradSherman,0.045399954,0.07212416,0.154290053,0.088948723,0.066013225,1.15E-05,0.037079828,5.20E-05,1.26E-05,0.084298065,4.44E-04,0.119479531,0.022076877,7.12E-04,0.004560456,3.67E-05,2.48E-05,0.001482615,0.006083131,0.070312748,0.040335083,1.46E-05,1.34E-05,1.43E-05,0.186179669
brianschatz,9.12E-04,1.27E-04,0.057918132,0.065464155,0.044240922,1.64E-05,1.87E-05,0.022498834,1.80E-05,3.39E-05,0.001629844,0.052163427,0.019999635,1.75E-05,2.07E-05,0.030450316,3.53E-05,0.005601131,0.023120418,0.115649011,0.413784901,2.08E-05,1.92E-05,0.001016979,0.145222727
Call_Me_Dutch,0.040532701,0.101218862,0.024923776,0.088661044,0.128347041,1.15E-05,1.32E-05,5.20E-05,1.26E-05,2.38E-05,0.052584264,0.136709741,0.019992745,1.23E-05,0.100094654,3.67E-05,0.001074611,8.39E-05,0.019034814,0.165543033,0.05471046,1.46E-05,1.35E-05,1.43E-05,0.066283833
cathymcmorris,0.055982692,5.29E-04,0.007681065,0.04145791,0.00665009,1.39E-05,1.58E-05,0.016921006,1.52E-05,2.87E-05,0.014865117,0.127987323,0.001320636,1.48E-05,1.75E-05,4.42E-05,2.99E-05,0.150561894,0.159899798,0.24574175,0.004360699,1.76E-05,1.62E-05,0.006339071,0.159488469
chelliepingree,0.020789688,0.080379247,9.88E-04,0.091447769,0.124675079,1.01E-05,1.15E-05,0.027016998,1.11E-05,2.09E-05,0.058010235,0.155293231,4.09E-05,1.07E-05,0.112495895,0.003710099,2.17E-05,0.007429359,0.002879812,0.203227975,0.038417954,1.28E-05,1.18E-05,1.25E-05,0.073074213
ChrisCoons,0.038908586,0.008974491,0.122472501,0.050117216,0.032143568,1.01E-05,1.15E-05,4.56E-05,1.11E-05,2.09E-05,0.021557318,0.167400402,0.020288145,1.08E-05,1.28E-05,0.096666542,2.18E-05,7.36E-05,0.00165536,0.256487202,0.032624573,0.002467003,1.18E-05,1.25E-05,0.147994729
ChrisMurphyCT,0.001115032,0.002463552,0.155679382,0.069077434,0.029061497,1.30E-05,1.48E-05,0.005179265,1.42E-05,2.68E-05,0.159636382,0.047140822,0.002809885,1.38E-05,1.64E-05,0.0268266,2.79E-05,4.88E-04,0.003701089,0.170982104,0.158484637,0.001985936,1.51E-05,1.61E-05,0.165209843
ChrisVanHollen,0.005493758,0.009297715,0.032498508,0.054689727,0.202225,8.69E-06,9.91E-06,3.92E-05,9.52E-06,1.80E-05,7.14E-05,0.061100892,0.003463736,9.25E-06,0.072010127,0.045126062,1.87E-05,6.33E-05,0.002478036,0.236588219,0.122991095,1.10E-05,1.01E-05,1.08E-05,0.151757358
ChuckGrassley,0.007687441,9.38E-05,0.025546986,0.13262213,0.030179876,1.22E-05,1.39E-05,4.24E-04,1.33E-05,2.51E-05,9.99E-05,0.095462921,0.019977587,0.291556952,1.53E-05,0.060930847,3.95E-04,0.058028275,0.048859823,0.092657165,0.050686838,1.54E-05,1.42E-05,0.002229309,0.082451612
ConawayTX11,0.079692845,0.007494888,0.011170206,0.081323718,0.002203494,1.52E-05,4.78E-04,0.001912959,1.66E-05,0.018475536,1.25E-04,0.125732257,5.23E-04,9.38E-04,1.92E-05,4.84E-05,3.27E-05,0.358387946,0.067042589,0.133754172,1.60E-04,0.006935787,1.77E-05,1.88E-05,0.103480842
congbillposey,0.160329148,1.62E-04,0.002053177,0.133931478,0.020868729,2.10E-05,2.39E-05,0.031927362,2.30E-05,0.015323059,1.72E-04,0.228989889,0.029371087,2.23E-05,2.65E-05,6.68E-05,4.52E-05,0.017979024,0.002162075,0.019146829,2.21E-04,2.66E-05,2.45E-05,0.279517241,0.05756631
CongMikeSimpson,0.184691014,1.09E-04,0.004811975,0.100898758,0.007192807,0.003443609,0.012448001,0.018497215,0.158200528,2.92E-05,0.001402071,0.220205991,5.72E-05,1.50E-05,1.78E-05,9.02E-04,3.04E-05,0.073408089,0.012601645,0.132067,1.49E-04,1.79E-05,1.65E-05,1.75E-05,0.068769787
CongPalazzo,0.089900882,0.003719739,8.16E-05,0.150675079,0.028577077,7.37E-04,1.36E-05,4.17E-04,0.089612624,0.008730729,9.82E-05,0.122855435,7.74E-04,1.27E-05,1.51E-05,3.81E-05,2.57E-05,0.006616526,0.282364027,0.085273407,0.01354755,0.004005395,1.39E-05,3.78E-04,0.111516964
CongressmanGT,0.112040843,9.34E-05,8.27E-05,0.156344297,0.014253165,1.21E-05,3.81E-04,0.01549178,0.006261635,3.93E-04,0.006347836,0.227395316,4.91E-05,1.29E-05,1.53E-05,3.86E-05,0.1407981,0.074701009,0.064834523,0.07133214,1.27E-04,1.53E-05,3.82E-04,0.014717029,0.093879886
CongressmanHice,0.151594054,7.47E-05,0.001241642,0.172029787,2.29E-04,9.68E-06,1.10E-05,3.38E-04,1.06E-05,0.040575911,7.95E-05,0.122160515,0.050587161,1.03E-05,1.22E-05,3.09E-05,2.08E-05,0.006535921,0.202601988,0.133444816,0.015971582,1.23E-05,1.13E-05,1.20E-05,0.102394838
CongressmanJVD,0.034656279,1.73E-04,0.001516964,0.110701866,0.085073847,2.25E-05,2.56E-05,0.301455898,2.46E-05,4.64E-05,0.011093274,0.145002615,9.10E-05,2.39E-05,2.84E-05,0.001435171,0.040956216,1.64E-04,0.05685919,0.14663703,2.36E-04,2.84E-05,0.004117005,2.78E-05,0.059602769
CongressmanRaja,0.037288525,0.0462489,0.011175359,0.05921806,0.059869026,1.52E-05,1.73E-05,6.86E-05,1.67E-05,3.14E-05,0.079471218,0.076429434,0.140762998,0.043379887,1.92E-05,4.84E-05,3.27E-05,1.11E-04,0.016328743,0.21777541,0.031068109,1.92E-05,1.77E-05,1.88E-05,0.180568372
CongressmanRuiz,0.125410263,0.032792235,3.68E-04,0.052936056,0.18332285,9.89E-06,1.13E-05,0.100593558,9.11E-04,2.04E-05,0.02439306,0.149976073,4.01E-05,1.05E-05,1.25E-05,3.15E-05,2.13E-05,0.002473159,1.19E-04,0.201420276,4.04E-04,1.25E-05,1.15E-05,1.22E-05,0.124686698
daveloebsack,0.181661957,0.005317202,0.00249726,0.148580259,0.049656276,8.16E-04,1.51E-05,0.009286538,1.45E-05,2.73E-05,0.001713246,0.147901995,5.36E-05,0.167301813,1.67E-05,8.44E-04,2.85E-05,0.033794472,1.59E-04,0.145654328,0.01979639,1.67E-05,1.54E-05,1.64E-05,0.084815303
davidcicilline,0.014116162,1.34E-04,0.017480274,0.102786612,9.36E-04,1.73E-05,1.98E-05,7.82E-05,1.90E-05,3.58E-05,0.072220675,0.055072509,0.314163233,1.84E-05,0.002126355,0.009525373,3.73E-05,6.52E-04,0.037562785,0.136303806,0.111193489,5.48E-04,2.02E-05,2.15E-05,0.124911174
DesJarlaisTN04,0.026039624,0.00680694,0.05527253,0.050850982,0.012595966,1.23E-05,1.40E-05,5.54E-05,0.021641445,2.54E-05,0.006440152,0.075204571,0.034356234,1.31E-05,1.55E-05,0.002649421,2.64E-05,0.04595568,0.351043056,0.08243772,0.051961857,0.009337963,0.006726473,1.52E-05,0.160502025
DonaldNorcross,0.091132044,0.066491212,8.58E-05,0.072258116,0.069743954,1.26E-05,1.43E-05,0.005398785,1.38E-05,2.60E-05,0.052760732,0.086876014,0.003866694,1.34E-05,0.146540995,4.22E-04,0.03169786,0.006959886,0.00129583,0.227829071,0.053552903,1.59E-05,1.47E-05,1.56E-05,0.082962234
DorisMatsui,0.044114227,0.160861966,8.15E-05,0.050826332,0.183139639,1.19E-05,1.36E-05,0.038797926,1.31E-05,2.47E-05,0.065999169,0.134582123,4.83E-05,1.27E-05,1.51E-05,4.00E-04,0.00147406,0.004431981,5.05E-04,0.258924324,1.26E-04,1.51E-05,1.39E-05,1.48E-05,0.055552531
DrNealDunnFL2,0.106410723,9.50E-05,8.40E-05,0.145464956,0.01859698,1.23E-05,1.40E-05,0.003791465,1.35E-05,0.261540419,1.01E-04,0.165754515,4.99E-05,1.31E-05,1.55E-05,3.92E-05,2.65E-05,0.016527691,0.092425369,0.09305231,8.77E-04,3.89E-04,0.009354187,1.52E-05,0.085336086
DrPhilRoe,0.214193934,4.60E-04,0.004118172,0.186508273,0.007990114,1.21E-05,1.38E-05,4.21E-04,0.119981945,2.50E-05,0.001566793,0.214504376,4.90E-05,1.29E-05,1.53E-05,3.85E-05,2.60E-05,0.022467478,0.040134849,0.113025241,0.007097847,1.53E-05,1.41E-05,1.50E-05,0.067292548
EleanorNorton,0.008938868,0.056841065,7.78E-05,0.152737643,0.162569459,1.14E-05,1.30E-05,5.14E-05,1.25E-05,2.36E-05,0.018780642,0.120315467,0.030153012,1.21E-05,0.190690904,3.63E-05,2.45E-05,8.30E-05,0.004635756,0.133949085,0.018460905,1.44E-05,1.33E-05,1.41E-05,0.10153958
FrankPallone,0.007986948,0.165315696,0.003426923,0.046374343,0.081703204,1.10E-05,1.26E-05,0.064064067,6.82E-04,2.28E-05,0.064104946,0.111497705,0.008088413,1.17E-05,1.39E-05,0.005062481,0.013094743,8.04E-05,0.001138178,0.213182225,0.033631501,1.40E-05,0.002023807,1.37E-05,0.178442231
GerryConnolly,0.044060103,0.047157308,0.026923798,0.100881176,0.127873422,1.21E-05,1.38E-05,5.47E-05,1.33E-05,2.50E-05,0.016645382,0.078566041,0.140137499,1.29E-05,0.059948131,0.004083148,2.61E-05,8.82E-05,8.81E-04,0.135703442,0.106388762,1.53E-05,1.41E-05,1.50E-05,0.110460281
gillibrandny,0.071426822,0.041139337,0.002501725,0.028398979,0.12372704,1.00E-05,1.14E-05,4.52E-05,1.10E-05,2.07E-05,0.023807028,0.079288272,0.001257254,1.07E-05,1.26E-05,0.059343715,0.068458248,3.77E-04,1.20E-04,0.296885632,0.031130072,1.27E-05,1.17E-05,1.24E-05,0.171979851
GKButterfield,0.045649922,0.078884077,8.36E-05,0.105684945,0.157496942,1.22E-05,1.40E-05,5.52E-05,1.34E-05,0.009688181,0.060679364,0.102826698,4.96E-05,1.30E-05,1.55E-05,0.002640559,2.64E-05,8.91E-05,0.006465204,0.178419068,0.039523636,0.116713287,1.43E-05,3.87E-04,0.094554948
GOPLeader,0.040818701,5.13E-04,0.034437818,0.052895718,0.003998322,1.35E-05,0.018823806,6.08E-05,1.48E-05,2.78E-05,9.28E-04,0.068150703,0.00455225,1.43E-05,1.70E-05,4.29E-05,2.90E-05,0.033626153,0.422533992,0.129236097,0.008319331,1.71E-05,1.57E-05,1.67E-05,0.18089629
gracenapolitano,0.063391313,0.221645515,7.72E-05,0.029621467,0.147743982,1.13E-05,1.29E-05,0.041893267,1.24E-05,2.34E-05,0.06319921,0.113755077,0.002446568,1.20E-05,1.43E-05,3.60E-05,2.43E-05,8.23E-05,1.36E-04,0.203406356,0.009036108,1.43E-05,3.56E-04,1.40E-05,0.103034917
GReschenthaler,0.125275924,9.46E-05,8.37E-05,0.136261445,0.036366401,1.23E-05,1.40E-05,5.53E-05,1.34E-05,0.043912529,0.003819907,0.20295113,4.96E-05,1.30E-05,1.55E-05,0.002270598,0.148796558,0.019057404,0.096847896,0.052469059,0.004220118,0.004478621,1.43E-05,0.007081751,0.115825034
HerreraBeutler,0.068045928,3.83E-04,0.002817027,0.10149526,0.046654115,1.01E-05,1.15E-05,0.198230828,1.10E-05,2.08E-05,8.26E-05,0.235952711,3.46E-04,1.07E-05,1.27E-05,3.21E-05,2.17E-05,0.059925855,1.21E-04,0.22385919,7.17E-04,1.27E-05,1.17E-05,1.25E-05,0.061202359
HurdOnTheHill,0.143139658,0.012069237,0.175664311,0.095042148,0.054355184,1.07E-05,0.006815536,4.82E-05,1.17E-05,2.21E-05,8.77E-05,0.16220402,0.001015154,1.14E-05,1.35E-05,3.58E-04,2.30E-05,0.012388543,0.041272409,0.212547968,0.00173216,3.37E-04,0.006167878,1.32E-05,0.074649048
Ilhan,0.004881548,0.116849043,0.026242692,0.06101184,0.030999415,0.020296895,1.69E-05,6.70E-05,1.63E-05,0.003636389,0.056010283,0.044474888,0.003665861,1.58E-05,0.029315034,4.73E-05,3.20E-05,1.08E-04,0.019108391,0.179416854,0.225963047,1.88E-05,4.68E-04,1.84E-05,0.177319194
JacksonLeeTX18,0.014382701,0.057915355,0.033127384,0.04887769,0.007341397,1.36E-05,1.55E-05,4.74E-04,1.49E-05,0.002505706,0.157438538,0.059741614,0.219321589,1.45E-05,1.72E-05,4.33E-05,2.93E-05,9.90E-05,0.032372153,0.099959963,0.072819046,1.72E-05,1.59E-05,4.30E-04,0.193012316
jahimes,0.012921165,1.32E-04,0.083376197,0.101143014,0.01913854,1.71E-05,1.96E-05,7.74E-05,1.88E-05,3.54E-05,0.026679677,0.042502188,0.076563798,0.019792287,0.015632729,0.01306387,3.69E-05,1.25E-04,0.040274525,0.10775509,0.263487434,2.17E-05,2.00E-05,2.12E-05,0.177144246
janschakowsky,0.015940517,0.230220408,0.004092089,0.060178084,0.149988836,4.13E-04,1.50E-05,5.95E-05,1.44E-05,2.73E-05,0.074946895,0.061902687,0.016061677,0.016822696,1.66E-05,0.006445316,4.29E-04,4.96E-04,5.59E-04,0.190127689,0.035356902,1.67E-05,1.54E-05,1.63E-05,0.135838055
JeffFortenberry,0.108955083,8.06E-05,0.130628235,0.145567084,0.008485803,1.04E-05,1.19E-05,0.018426484,1.14E-05,2.16E-05,8.58E-05,0.152319693,3.59E-04,0.00666571,1.32E-05,0.074818317,6.56E-04,0.087219602,0.037201125,0.068787712,0.014052833,3.30E-04,1.22E-05,1.29E-05,0.145266802
JerryMoran,0.084200827,8.47E-05,0.035709381,0.070392269,0.015578836,1.10E-05,1.25E-05,0.002713766,0.001011119,0.128240149,0.002754386,0.295625168,3.77E-04,1.17E-05,1.38E-05,0.046992529,2.36E-05,0.032050987,0.01278711,0.183192504,1.15E-04,0.002012087,1.28E-05,0.001345711,0.084730112
JimInhofe,0.177048093,8.32E-05,0.051142302,0.050861649,0.004838016,1.08E-05,1.23E-05,3.76E-04,1.18E-05,0.059275035,8.86E-05,0.143934052,4.37E-05,0.002957744,1.36E-05,0.051757756,2.32E-05,0.037070562,0.120599299,0.173854138,1.13E-04,1.37E-05,1.26E-05,1.34E-05,0.125844979
JimLangevin,0.024122806,0.103520541,0.011157882,0.084080571,0.160787516,1.11E-05,1.26E-05,0.003744036,1.21E-05,2.29E-05,0.024942188,0.222209925,0.011127167,1.18E-05,1.40E-05,0.058805232,0.013121129,4.16E-04,1.33E-04,0.193462075,1.16E-04,1.40E-05,1.29E-05,1.37E-05,0.088128109
JimPressOffice,0.059796155,6.21E-04,0.009513952,0.103116004,0.012757263,0.167779043,1.86E-05,7.36E-05,1.79E-05,3.37E-05,0.011516059,0.151766844,0.04559459,1.73E-05,2.06E-05,0.021826467,5.30E-04,0.047131853,0.091747906,0.141571033,0.008584443,2.06E-05,1.90E-05,2.02E-05,0.1259062
Jim_Jordan,0.003268651,1.06E-04,9.29E-04,0.064017588,0.00408177,1.38E-05,0.006276879,6.21E-05,1.51E-05,2.84E-05,1.13E-04,0.007795982,0.276382882,1.46E-05,0.008783024,0.003383121,0.005038558,1.00E-04,0.348287429,0.074747805,0.048981986,1.74E-05,1.61E-05,1.70E-05,0.147521986
JoaquinCastrotx,0.011971701,0.239709051,0.037090611,0.077587124,0.012379492,1.42E-05,1.62E-05,0.005656039,1.55E-05,2.93E-05,0.028076878,0.06223437,0.22933324,1.51E-05,1.79E-05,4.52E-05,3.05E-05,5.33E-04,0.028991129,0.0727291,0.019506373,1.79E-05,0.006899118,1.75E-05,0.167083154
JohnBoozman,0.123711483,6.89E-05,0.006018599,0.186954151,0.008876606,8.92E-06,1.02E-05,4.03E-05,0.106435653,0.002455674,0.002781324,0.313503262,3.61E-05,9.49E-06,1.13E-05,0.014922636,1.92E-05,0.022541664,0.01473064,0.146254106,0.007405583,0.008677017,1.04E-05,1.10E-05,0.034505824
JohnCornyn,0.055666904,1.20E-04,0.06104988,0.086628568,0.018792713,1.56E-05,0.003324775,7.02E-05,1.71E-05,3.22E-05,6.00E-04,0.094806011,0.048251032,1.66E-05,9.65E-04,0.060993204,3.35E-05,0.053025592,0.25624472,0.036884646,0.071500873,1.97E-05,0.020332704,1.93E-05,0.130589411
JudgeCarter,0.264341733,0.002335669,8.40E-05,0.176033803,0.025685648,1.23E-05,1.40E-05,5.55E-05,1.35E-05,2.54E-05,1.01E-04,0.164572253,4.23E-04,1.31E-05,1.55E-05,3.92E-05,2.65E-05,0.060589009,0.140939783,0.080320146,0.004610908,1.56E-05,1.44E-05,0.003002857,0.076714791
justinamash,0.009323576,0.007863013,0.221024435,0.050380645,0.021962062,1.35E-05,1.54E-05,0.00169422,1.47E-05,2.78E-05,0.001335652,0.062758294,0.031499629,1.43E-05,0.002467251,4.29E-05,2.90E-05,0.005815243,0.062643571,0.110292371,0.113670698,1.70E-05,1.57E-05,0.001650167,0.295428924
KenCalvert,0.046522138,8.84E-05,0.03414488,0.055399253,0.074313599,1.15E-05,7.08E-04,0.043156459,1.25E-05,0.020533205,9.41E-05,0.175087777,4.64E-05,1.22E-05,1.45E-05,0.001079351,2.47E-05,0.041797683,0.208013948,0.151587749,0.027234811,1.45E-05,0.001403845,1.42E-05,0.118684165
KYComer,0.063679293,0.001131814,0.002121265,0.39682849,0.002901395,0.001020702,1.89E-05,7.46E-05,0.005038933,0.002544594,0.001140038,0.084187377,0.01613361,1.76E-05,2.09E-05,5.27E-05,3.56E-05,0.058361808,0.029821594,0.01660589,0.035821804,5.23E-04,1.93E-05,0.2490526,0.032846148
LacyClayMO1,0.003553791,0.043428885,0.005622531,0.039231551,0.025463804,2.01E-05,2.29E-05,7.00E-04,0.001850477,6.51E-04,0.110482977,0.024792252,0.429773143,2.14E-05,2.53E-05,6.40E-05,4.32E-05,1.46E-04,0.007555258,0.090859475,0.071521849,2.54E-05,2.34E-05,0.003681808,0.140439141
LeaderHoyer,0.01652915,0.184339098,0.00779757,0.068339058,0.040549852,9.10E-06,1.04E-05,0.005290106,9.97E-06,1.88E-05,0.19649929,0.131689223,3.13E-04,9.68E-06,0.009404504,2.90E-05,0.001124656,6.19E-04,0.04569315,0.174896324,0.003963487,1.15E-05,1.06E-05,0.001668858,0.111174633
LindseyGrahamSC,0.013045262,9.86E-04,0.109863012,0.092870346,3.41E-04,1.44E-05,8.91E-04,6.50E-05,1.58E-05,2.98E-05,1.18E-04,0.030907675,0.074838269,1.53E-05,1.82E-05,0.046838007,4.68E-04,1.05E-04,0.325531308,0.066503436,0.041695991,1.82E-05,1.68E-05,1.78E-05,0.194786332
lisamurkowski,0.063068361,6.69E-05,5.92E-05,0.037701429,0.053324785,8.66E-06,9.88E-06,0.099967803,0.110982956,1.79E-05,7.12E-05,0.400418794,3.51E-05,9.22E-06,1.09E-05,0.007390775,1.87E-05,3.26E-04,1.04E-04,0.154383056,9.12E-05,1.10E-05,1.01E-05,1.07E-05,0.071901346
MacTXPress,0.106052788,1.14E-04,0.110727049,0.069418931,0.032728508,1.48E-05,0.182594592,6.69E-05,1.62E-05,3.06E-05,1.22E-04,0.17883481,0.001409125,1.58E-05,1.87E-05,4.72E-05,3.19E-05,0.0931955,0.06043771,0.069736642,0.001954696,9.18E-04,1.73E-05,1.83E-05,0.091477732
marcorubio,0.030419245,0.001721738,0.132458466,0.06532979,0.003532032,1.08E-05,1.23E-05,4.87E-05,1.18E-05,2.23E-05,0.001727105,0.065431138,4.37E-05,1.15E-05,1.36E-05,3.44E-05,2.32E-05,0.008598406,0.02863836,0.084239346,0.067944404,1.37E-05,0.304104314,1.34E-05,0.205596156
MarioDB,0.011298738,8.25E-05,0.006236377,0.036450915,0.004145293,1.07E-05,1.22E-05,4.82E-05,3.36E-04,2.21E-05,4.12E-04,0.052446344,4.33E-05,3.36E-04,1.35E-05,3.41E-05,2.30E-05,0.010458279,0.020240625,0.064902009,0.005627086,1.35E-05,0.71496761,1.32E-05,0.071826402
MarkAmodeiNV2,0.112899811,1.14E-04,1.01E-04,0.304885586,0.009352585,0.164302629,0.006318369,0.002767532,0.015319769,3.07E-05,1.22E-04,0.197450044,6.01E-05,1.58E-05,1.87E-05,4.73E-05,3.19E-05,0.022163032,0.02178321,0.094105012,1.56E-04,1.88E-05,1.73E-05,4.68E-04,0.047449932
MarkWarner,0.009511104,0.00239561,0.02000411,0.052233908,0.212501023,1.26E-05,1.44E-05,5.69E-05,0.001162939,2.61E-05,0.00163581,0.049671114,0.050995109,1.34E-05,0.123737019,0.046770778,2.72E-05,0.002773134,0.004365093,0.240575902,0.072143828,1.60E-05,1.47E-05,1.56E-05,0.109326556
MarshaBlackburn,0.15434593,9.51E-05,0.006066057,0.132114328,0.002908255,1.23E-05,1.41E-05,5.56E-05,0.094229285,2.55E-05,1.01E-04,0.173729772,4.99E-05,1.31E-05,1.55E-05,0.04303455,2.65E-05,0.034485914,0.114926811,0.144342377,0.009476418,1.56E-05,1.44E-05,1.52E-05,0.089886361
MartinHeinrich,0.004891145,0.081427789,0.014578912,0.018519444,0.15234186,1.17E-05,1.33E-05,0.152472678,1.28E-05,2.41E-05,9.57E-05,0.114466057,0.006766422,1.24E-05,1.47E-05,0.019487487,2.51E-05,4.38E-04,0.018175831,0.271623994,0.046096182,1.48E-05,1.36E-05,1.44E-05,0.098461278
maziehirono,0.033177321,0.1086347,0.040897712,0.014991129,0.076202775,1.04E-05,1.19E-05,3.64E-04,0.00380924,0.004135852,8.56E-05,0.04958584,0.035172042,1.11E-05,1.32E-05,0.128842477,2.24E-05,7.59E-05,0.005189081,0.20478903,0.084294635,1.32E-05,1.22E-05,1.29E-05,0.209645771
michaelcburgess,0.106761681,0.035677152,6.51E-05,0.075365969,0.027434637,9.54E-06,1.09E-05,4.30E-05,5.89E-04,0.002335389,6.57E-04,0.144925851,3.86E-05,1.01E-05,1.20E-05,0.01276662,2.05E-05,0.015700257,0.210262454,0.228405256,1.00E-04,1.21E-05,1.11E-05,0.013037497,0.125747144
MikeCrapo,0.141876393,4.81E-04,0.024638308,0.083771328,0.037126764,1.26E-05,1.44E-05,8.24E-04,0.173796064,2.61E-05,1.04E-04,0.246930688,5.12E-05,1.34E-05,1.60E-05,0.035717417,2.72E-05,0.051881415,0.019333174,0.076369854,5.17E-04,1.60E-05,1.48E-05,1.56E-05,0.106425316
MikeKellyPA,0.078633195,4.10E-04,0.005624085,0.06378912,0.025068883,1.08E-05,1.23E-05,4.85E-05,1.18E-05,2.22E-05,8.84E-05,0.144537611,4.36E-05,1.14E-05,1.36E-05,3.43E-05,0.009165386,0.307975475,0.111795075,0.158707154,0.011214469,1.36E-05,1.26E-05,3.40E-04,0.082417191
NitaLowey,0.008701699,0.350364151,0.01380676,0.02605761,0.152752629,1.26E-05,1.43E-05,0.00691717,1.38E-05,0.001550512,0.027926333,0.127177471,5.09E-05,1.34E-05,1.58E-05,4.00E-05,0.006125267,9.14E-05,0.020732465,0.153246354,0.015377715,1.59E-05,1.47E-05,1.55E-05,0.088965606
NormaJTorres,0.027875449,0.156999873,7.76E-05,0.048062596,0.117521626,1.14E-05,1.30E-05,5.13E-05,1.24E-05,0.013817962,0.041131902,0.056790805,0.015909685,1.21E-05,0.003118099,0.006933443,0.001403908,0.007324816,0.004274907,0.279018894,0.075644326,1.44E-05,0.016221774,1.41E-05,0.12774378
NydiaVelazquez,2.77E-04,0.190833416,4.08E-04,0.043474559,0.041277317,1.10E-05,1.25E-05,0.038399385,0.003013328,2.27E-05,0.146819963,0.125279471,7.11E-04,1.17E-05,1.39E-05,3.50E-05,0.019365297,0.001747367,4.66E-04,0.190773352,0.032129365,1.39E-05,0.020354898,1.36E-05,0.14453545
PatrickMcHenry,0.240233613,9.00E-05,7.96E-05,0.14381076,0.001691164,1.17E-05,1.33E-05,7.60E-04,3.67E-04,0.156798805,9.58E-05,0.144628,4.72E-05,1.24E-05,1.47E-05,3.72E-05,2.51E-05,0.082542007,0.045084582,0.104070849,0.001184367,1.48E-05,1.36E-05,1.44E-05,0.078359053
PattyMurray,4.86E-04,0.0927459,5.97E-05,0.005408709,0.035525494,8.75E-06,9.98E-06,0.023142683,9.59E-06,1.81E-05,0.003789623,0.098965886,3.54E-05,9.31E-06,1.10E-05,0.166264749,1.88E-05,6.37E-05,0.002495145,0.454382764,0.004606482,0.002666619,1.02E-05,1.08E-05,0.109254279
PeterWelch,0.062173921,0.055814176,0.01346919,0.10470257,0.073371907,1.19E-05,1.36E-05,0.010908759,1.31E-05,2.46E-05,9.79E-05,0.088532023,0.016692588,1.27E-05,1.50E-05,0.156711391,2.57E-05,0.008770762,0.001590613,0.182390325,0.080090387,1.51E-05,3.76E-04,1.48E-05,0.144161254
RandPaul,0.030778822,1.01E-04,0.181604368,0.089518985,0.009403503,8.04E-04,1.49E-05,5.88E-05,1.43E-05,2.69E-05,1.07E-04,0.065518331,0.006775581,1.39E-05,1.64E-05,0.024164479,2.80E-05,0.008004019,0.07213003,0.166912766,0.148038542,1.65E-05,1.52E-05,0.00436617,0.191567976
RepAbraham,0.144459645,0.00279778,0.011556314,0.110459361,8.40E-04,9.96E-06,1.14E-05,4.49E-05,3.13E-04,2.06E-05,0.001291112,0.141087577,4.04E-05,1.06E-05,1.26E-05,3.17E-05,2.14E-05,0.060839612,0.120444623,0.174765615,0.026709311,0.063500627,1.16E-05,1.23E-05,0.14070759
RepAdams,0.041671602,0.031452682,1.17E-04,0.106157789,0.009280492,1.72E-05,1.96E-05,7.76E-05,1.88E-05,3.55E-05,0.141603111,0.136073202,6.97E-05,1.83E-05,0.005241702,0.007362792,3.70E-05,1.25E-04,2.07E-04,0.101828585,0.012186953,0.386301352,2.01E-05,2.13E-05,0.020055235
RepAdamSchiff,0.034011161,0.030862085,0.072920888,0.014364494,0.077817035,8.25E-06,9.41E-06,3.72E-05,9.04E-06,1.71E-05,3.18E-04,0.042486029,0.187327902,8.78E-06,1.04E-05,0.001528649,1.78E-05,6.01E-05,0.00861254,0.143744539,0.126535618,1.04E-05,9.63E-06,1.02E-05,0.259262639
RepAdamSmith,0.038003571,0.162648787,0.035079175,0.063131167,0.162504024,1.00E-05,1.14E-05,0.019833908,1.10E-05,3.25E-04,0.04635739,0.146946544,0.001562843,1.07E-05,1.27E-05,3.20E-05,2.16E-05,9.86E-04,0.015647038,0.179947078,1.06E-04,1.27E-05,1.17E-05,1.24E-05,0.126775245
RepAdrianSmith,0.030892805,0.012898604,0.001147378,0.244552946,0.044749796,0.012108304,1.34E-05,4.09E-04,1.28E-05,7.36E-04,9.63E-05,0.212642615,4.75E-05,1.25E-05,1.48E-05,0.153023557,2.52E-05,0.181889872,0.012593254,0.056951475,0.002969597,1.48E-05,1.37E-05,1.45E-05,0.032169809
RepAGonzalez,0.071971651,1.62E-04,1.43E-04,0.214559732,0.029201009,2.10E-05,2.40E-05,7.33E-04,2.30E-05,4.34E-05,1.73E-04,0.186690617,8.51E-05,2.24E-05,2.65E-05,7.05E-04,0.109121476,0.001428739,0.060212629,0.267953823,2.21E-04,2.66E-05,2.45E-05,2.60E-05,0.056400725
RepAlexMooney,0.106460352,9.74E-05,8.62E-05,0.206293974,0.008728454,1.26E-05,1.44E-05,0.003122436,1.38E-05,0.004241119,0.001636436,0.173075461,5.11E-05,1.34E-05,1.59E-05,0.003872069,2.72E-05,0.064083669,0.111658342,0.085478484,5.16E-04,1.60E-05,1.47E-05,0.137961941,0.092508343
RepAlGreen,0.092850397,0.09395095,0.010680821,0.069877157,0.070652255,1.06E-05,1.21E-05,4.78E-05,1.16E-05,6.65E-04,0.047343077,0.050366917,0.019009637,1.13E-05,0.100311985,3.37E-05,2.28E-05,7.71E-05,0.026809304,0.111895365,0.046403116,1.34E-05,1.24E-05,1.31E-05,0.258918316
RepAlLawsonJr,0.123049646,0.01036374,7.01E-05,0.13100826,0.116488755,1.03E-05,1.17E-05,4.63E-05,1.13E-05,0.173611182,0.042780615,0.17130771,4.16E-05,1.09E-05,0.001571218,3.27E-05,2.21E-05,0.005372827,1.23E-04,0.151174146,0.003224559,0.013414021,3.24E-04,1.27E-05,0.055916546
RepAmata,0.215613728,9.95E-05,0.004785257,0.166111802,0.021442246,1.29E-05,1.47E-05,0.003972526,0.252880314,0.003158125,1.06E-04,0.187370287,0.002400853,1.37E-05,1.63E-05,4.11E-05,2.78E-05,0.021231306,1.55E-04,0.078707196,0.002484304,1.63E-05,1.51E-05,1.60E-05,0.039307787
RepAndreCarson,0.091317651,0.05731955,0.003087631,0.117604295,0.141840611,1.10E-05,1.26E-05,4.98E-05,1.21E-05,2.28E-05,0.031218089,0.097625549,0.015775785,1.17E-05,1.39E-05,3.51E-05,2.37E-05,0.003762027,0.001136655,0.224611467,0.009487758,1.40E-05,1.29E-05,0.059591034,0.145402298
RepAndyBarr,0.147194506,4.23E-04,0.001086678,0.129853495,0.005316805,1.11E-05,1.27E-05,0.001397931,1.22E-05,3.60E-04,9.12E-05,0.228350044,0.0024037,1.18E-05,1.40E-05,3.54E-05,2.39E-05,0.198213326,0.071905924,0.112569634,1.17E-04,3.51E-04,1.30E-05,0.05999263,0.040239779
RepAndyBiggsAZ,0.077889956,8.62E-05,0.001431841,0.145852185,0.00128062,1.12E-05,0.133539882,3.89E-04,1.22E-05,2.31E-05,7.70E-04,0.122233905,0.031563067,1.19E-05,1.41E-05,3.56E-05,2.40E-05,0.006859313,0.263460575,0.119318409,1.17E-04,1.41E-05,1.30E-05,1.38E-05,0.095034736
RepAndyHarrisMD,0.16102994,0.001442748,0.00380673,0.181559892,0.024003282,1.12E-05,1.27E-05,5.04E-05,1.22E-05,2.31E-05,9.18E-05,0.185056092,4.53E-05,1.19E-05,0.058344677,3.75E-04,2.41E-05,0.067568458,0.109334555,0.087860133,0.006561063,1.41E-05,1.30E-05,0.008492112,0.104255738
RepAndyKimNJ,0.02028923,0.012380795,0.001878562,0.275741029,0.062782114,1.92E-05,2.19E-05,8.66E-05,2.10E-05,3.97E-05,0.093941632,0.081945607,7.78E-05,2.04E-05,2.42E-05,6.12E-05,0.024506705,1.40E-04,0.003725726,0.398479515,0.001366962,2.43E-05,2.24E-05,2.38E-05,0.022380024
RepAndyLevin,0.007368104,0.10378883,0.025129974,0.086225572,0.093429479,1.29E-05,1.47E-05,5.82E-05,1.41E-05,0.003156889,0.032973458,0.075782013,5.22E-05,1.37E-05,0.013711091,4.11E-05,0.070849535,9.38E-05,0.00367647,0.277446924,0.072522552,1.63E-05,1.50E-05,1.60E-05,0.133591022
RepAngieCraig,0.001430604,4.68E-04,8.40E-05,0.272011303,0.166104092,0.052295766,1.40E-05,5.55E-05,1.35E-05,2.54E-05,0.018026825,0.11004807,4.99E-05,1.31E-05,1.55E-05,3.92E-05,2.65E-05,0.001583386,5.21E-04,0.362650847,5.03E-04,1.56E-05,7.61E-04,1.52E-05,0.013227728
RepAnnaEshoo,0.051298529,0.048510975,7.31E-05,0.04204738,0.226143684,1.07E-05,1.22E-05,0.057902306,1.17E-05,2.21E-05,0.046891187,0.115277947,0.014669395,1.14E-05,0.009764189,0.006534569,2.31E-05,0.006578405,0.001103775,0.157659964,0.02188918,1.36E-05,1.25E-05,0.004563569,0.188974541
RepAnnieKuster,0.082760397,0.089547133,6.25E-05,0.031224413,0.144156825,9.15E-06,1.04E-05,4.13E-05,1.00E-05,1.89E-05,0.068988766,0.120508962,8.71E-04,0.060031233,1.16E-05,2.92E-05,1.97E-05,6.66E-05,1.10E-04,0.326526404,9.30E-04,1.16E-05,1.07E-05,1.13E-05,0.074032074
RepAnnWagner,0.197503262,8.02E-05,0.007645048,0.070807227,0.001823688,1.04E-05,1.19E-05,3.62E-04,1.14E-05,0.006333205,0.002294506,0.227750949,0.007616184,1.11E-05,1.31E-05,3.31E-05,2.24E-05,0.038261569,0.076496721,0.195055387,0.002318507,0.00411578,1.21E-05,0.034411717,0.126998026
RepAOC,0.01764907,0.048424252,8.22E-04,0.132868777,0.11975679,1.20E-04,0.007444308,5.43E-04,1.32E-04,2.49E-04,0.09232597,0.086503377,0.106438892,1.28E-04,1.52E-04,3.84E-04,2.59E-04,8.76E-04,0.001446764,0.153717409,0.143752681,1.52E-04,1.40E-04,1.49E-04,0.085564845
RepArmstrongND,0.061556078,1.35E-04,1.20E-04,0.164407631,0.042928348,0.189207035,2.00E-05,0.003799019,1.92E-05,0.003756207,0.005458132,0.140126157,0.00485382,1.86E-05,2.21E-05,5.58E-05,3.77E-05,0.00703607,0.14210259,0.152028736,0.003904254,2.22E-05,2.04E-05,2.17E-05,0.078343613
RepArrington,0.046576532,0.002391031,0.004291356,0.055957114,0.001826938,1.26E-05,1.44E-05,8.21E-04,1.38E-05,2.60E-05,1.03E-04,0.130242572,5.10E-05,1.34E-05,1.59E-05,4.01E-05,2.71E-05,0.204625001,0.274646556,0.159831933,0.009690168,1.59E-05,1.47E-05,1.56E-05,0.10873527
RepBalderson,0.114289246,6.67E-04,1.20E-04,0.16458256,0.067445871,1.75E-05,2.00E-05,0.001143078,1.92E-05,3.62E-05,0.002271959,0.241886619,0.002199001,1.86E-05,2.21E-05,5.58E-05,0.10058511,0.030451411,0.03372646,0.185174289,0.006568392,2.22E-05,2.05E-05,0.00906564,0.039591211
RepBarbaraLee,0.046932459,0.13005393,0.005740289,0.026116356,0.029585902,1.10E-05,1.25E-05,0.008047645,1.20E-05,2.27E-05,0.229035934,0.034550785,0.004376792,1.17E-05,1.39E-05,0.001034748,2.36E-05,7.99E-05,1.32E-04,0.290622508,0.084095631,1.39E-05,1.28E-05,1.36E-05,0.109447408
RepBarragan,0.052295124,0.291569921,4.14E-04,0.080848026,0.0769338,1.11E-05,1.27E-05,0.023017666,1.22E-05,2.30E-05,0.077437694,0.056634006,0.019297219,0.001362867,1.40E-05,3.55E-05,2.40E-05,8.10E-05,1.34E-04,0.174983018,0.017342685,0.00102736,0.026020256,1.38E-05,0.100455614
RepBeatty,0.066762425,0.073773145,0.005862476,0.045629674,0.017641692,1.72E-05,1.96E-05,7.76E-05,1.89E-05,3.56E-05,0.348496799,0.06250391,0.005292437,1.83E-05,2.17E-05,5.48E-05,0.044952441,0.009526164,2.07E-04,0.136351723,0.052930538,0.025613118,2.01E-05,2.13E-05,0.104151509
RepBenCline,0.056780985,2.41E-04,0.00685667,0.317323879,0.009280288,3.13E-05,3.57E-05,1.41E-04,3.43E-05,6.46E-05,0.013543208,0.114525641,1.27E-04,3.33E-05,0.116769774,9.96E-05,6.73E-05,0.035341619,0.17784384,0.083584721,3.29E-04,3.96E-05,3.65E-05,3.87E-05,0.066830504
RepBenMcAdams,0.025218994,9.89E-05,4.77E-04,0.200476698,0.093662317,1.28E-05,4.04E-04,0.005114794,1.40E-05,2.65E-05,0.011386199,0.130577467,5.19E-05,0.27892481,1.62E-05,4.08E-05,0.001583581,9.33E-05,0.020381909,0.154071829,0.008303803,1.62E-05,1.50E-05,1.59E-05,0.069015941
repbenraylujan,0.009449425,0.164358492,6.82E-04,0.06508932,0.121610143,1.01E-05,1.15E-05,0.103640397,1.11E-05,2.09E-05,0.074867382,0.121578935,0.003105849,1.07E-05,1.27E-05,3.22E-05,2.17E-05,3.80E-04,0.001960332,0.237555258,0.006236126,1.28E-05,3.18E-04,1.25E-05,0.08901188
RepBera,0.096855222,0.001402324,4.04E-04,0.100987748,0.239897196,1.09E-05,1.24E-05,0.001367518,1.19E-05,2.24E-05,0.013274378,0.079663793,4.40E-05,1.16E-05,1.37E-05,3.46E-05,2.34E-05,7.91E-05,0.001449049,0.367231475,0.014617964,3.43E-04,1.27E-05,1.34E-05,0.08221615
RepBillFlores,0.090555923,1.15E-04,0.008258874,0.12252064,0.011228811,1.49E-05,9.23E-04,6.74E-05,1.64E-05,3.09E-05,0.003294779,0.061483775,6.05E-05,1.59E-05,1.88E-05,0.003672878,3.21E-05,0.100710903,0.34458342,0.071180204,0.013751995,1.89E-05,0.02811354,0.002284297,0.137045605
RepBillFoster,0.084204104,0.109560055,0.010092495,0.027408687,0.112503889,0.001047392,1.30E-05,0.007994118,1.25E-05,2.35E-05,0.035317968,0.126972937,4.61E-05,0.036963308,1.44E-05,3.82E-04,2.45E-05,8.28E-05,0.003935474,0.282857701,1.20E-04,1.44E-05,1.33E-05,1.41E-05,0.160382043
RepBillJohnson,0.142413189,1.00E-04,8.76E-04,0.209928501,0.011720633,1.30E-05,1.48E-05,5.85E-05,1.42E-05,2.68E-05,5.00E-04,0.18328607,4.46E-04,1.38E-05,0.00159073,4.35E-04,0.063396008,0.025677793,0.106031738,0.080715256,0.012337759,0.001590782,1.51E-05,0.094871392,0.063927002
RepBlaine,0.26048906,8.84E-05,7.83E-05,0.181015639,0.002010199,1.15E-05,7.09E-04,0.002486739,0.002795446,2.37E-05,9.41E-05,0.172774562,4.64E-05,1.22E-05,1.45E-05,0.004906574,2.47E-05,0.086005117,0.060317715,0.109602023,4.68E-04,1.45E-05,1.34E-05,0.026103766,0.089894267
repblumenauer,6.20E-04,0.110568014,0.001770742,0.055026615,0.122607314,1.12E-05,1.27E-05,0.039024038,1.22E-05,2.31E-05,0.03804867,0.088682669,4.52E-05,1.19E-05,3.53E-04,3.56E-05,2.40E-05,0.008892721,0.002506513,0.256573468,0.171601588,1.41E-05,1.30E-05,1.38E-05,0.10350727
RepBobbyRush,0.013970675,0.188034544,8.77E-05,0.043033168,0.132482276,1.28E-05,4.05E-04,5.80E-05,1.41E-05,2.66E-05,0.062490718,0.091112381,4.42E-04,0.020288858,1.62E-05,4.09E-05,2.77E-05,4.83E-04,0.004053476,0.197712003,0.087084543,1.63E-05,1.50E-05,1.59E-05,0.158076308
RepBobGibbs,0.054372652,9.89E-05,8.75E-05,0.13118412,0.005357811,0.00312358,1.46E-05,0.007445882,1.40E-05,2.65E-05,1.05E-04,0.205574007,0.005884599,1.36E-05,1.62E-05,0.007428899,0.105793745,0.16807482,0.147526688,0.093740759,1.35E-04,1.62E-05,1.50E-05,0.003126628,0.060823334
RepBonamici,9.01E-04,0.08761285,7.16E-05,0.028763829,0.087143199,1.05E-05,1.20E-05,0.165880525,1.15E-05,2.17E-05,0.136317643,0.175915905,4.25E-05,1.12E-05,1.32E-05,3.34E-05,2.26E-05,7.63E-05,7.63E-04,0.207235532,4.29E-04,1.33E-05,3.31E-04,1.30E-05,0.108354983
RepBonnie,0.015451982,0.08040244,8.73E-05,0.036221143,0.034440922,1.28E-05,1.46E-05,5.77E-05,1.40E-05,2.64E-05,0.144807016,0.092204644,0.019836781,4.02E-04,1.61E-05,4.07E-05,0.008174279,0.010567457,0.025757735,0.208353128,0.15919034,1.62E-05,1.49E-05,1.58E-05,0.163874091
RepBost,0.139305468,9.45E-05,8.36E-05,0.066661801,0.028906391,1.22E-05,1.40E-05,5.52E-05,1.34E-05,2.53E-05,1.01E-04,0.167121974,4.96E-05,0.108906183,1.55E-05,3.90E-05,0.001884606,0.115300328,0.101235697,0.1665263,0.002358736,1.55E-05,1.43E-05,1.52E-05,0.10124463
RepBradWenstrup,0.194817021,0.00128641,0.013529193,0.093436619,0.015724619,1.30E-05,1.49E-05,5.88E-05,0.004362593,2.69E-05,1.07E-04,0.134670296,5.28E-05,1.39E-05,1.64E-05,4.15E-05,0.051417309,0.109593491,0.155905559,0.110318587,1.37E-04,1.65E-05,1.52E-05,1.61E-05,0.114408342
RepBrendanBoyle,0.060844712,0.024822175,0.024806785,0.078461301,0.024047107,1.73E-05,1.97E-05,7.81E-05,1.90E-05,5.61E-04,0.027982518,0.040802896,0.013727655,0.067255513,0.01420467,0.002681595,0.053091532,0.004328309,0.012289678,0.183365095,0.204519854,2.19E-05,2.02E-05,2.14E-05,0.162009909
RepBrianBabin,0.063942226,0.002865346,0.030241322,0.073592878,0.019498289,9.21E-06,0.006716829,0.005909574,1.01E-05,1.90E-05,0.004267074,0.13403623,0.002552172,9.80E-06,1.16E-05,8.68E-04,1.98E-05,0.021862579,0.31754339,0.132470642,0.012112372,1.17E-05,1.07E-05,1.14E-05,0.171408098
RepBrianFitz,0.13288354,8.18E-05,0.02389181,0.110524488,0.030829628,1.06E-05,1.21E-05,0.029983046,1.16E-05,2.19E-05,0.035494331,0.149250101,4.30E-05,1.13E-05,1.34E-05,3.38E-05,0.094334792,0.024540375,0.003668187,0.197660532,0.009446221,1.34E-05,1.24E-05,1.31E-05,0.157214509
RepBrianHiggins,0.042717858,0.045503715,8.44E-05,0.163757964,0.146274306,1.24E-05,1.41E-05,5.58E-05,0.001514648,2.56E-05,0.073655504,0.1946466,0.002677021,1.32E-05,1.56E-05,3.94E-05,0.030799187,9.00E-05,5.24E-04,0.138879655,8.81E-04,1.57E-05,1.44E-05,0.095710488,0.06207804
RepBrianMast,0.042866452,8.20E-05,0.004267887,0.095964949,0.013159905,1.06E-05,1.21E-05,0.350516291,1.16E-05,2.20E-05,0.002023624,0.140599407,4.31E-05,1.13E-05,1.34E-05,3.39E-05,2.29E-05,7.74E-05,0.031753848,0.215274723,0.001725452,3.36E-04,0.005175848,1.32E-05,0.095981858
RepBrindisi,0.022634334,7.90E-05,6.99E-05,0.292868955,0.104353296,0.104743077,1.17E-05,4.62E-05,1.12E-05,2.12E-05,8.41E-05,0.140372125,3.52E-04,1.09E-05,1.29E-05,0.003140425,0.0161826,0.005979359,4.34E-04,0.2965071,0.0022832,1.30E-05,1.20E-05,1.27E-05,0.009764716
RepBrownley,0.088814043,0.042262223,7.16E-04,0.086411016,0.110048472,1.06E-05,3.34E-04,0.006487615,1.16E-05,0.068927244,0.044521409,0.141892446,4.30E-05,0.001299237,1.34E-05,3.38E-05,2.28E-05,3.99E-04,7.71E-04,0.343262513,1.12E-04,1.34E-05,1.24E-05,1.31E-05,0.063566777
RepBryanSteil,0.092747464,6.43E-04,6.28E-04,0.396657591,0.039379551,0.132344206,1.93E-05,7.62E-05,1.85E-05,3.49E-05,1.39E-04,0.126006844,6.85E-05,1.80E-05,2.13E-05,5.38E-05,3.64E-05,0.004226191,0.02020607,0.165703608,6.91E-04,2.14E-05,1.97E-05,2.09E-05,0.020218398
RepBuddyCarter,0.171330737,4.21E-04,7.56E-05,0.200075764,0.014039919,1.11E-05,1.26E-05,5.00E-05,1.21E-05,0.092101721,9.09E-05,0.224039545,4.49E-05,1.18E-05,1.40E-05,3.53E-05,2.38E-05,0.073340407,0.060958877,0.11966019,0.001124665,1.40E-05,1.29E-05,1.37E-05,0.042483976
RepByrne,0.089085708,9.18E-05,0.001885779,0.136559766,0.002085653,1.19E-05,1.36E-05,5.37E-05,1.30E-05,2.46E-05,9.77E-05,0.164101176,4.82E-05,1.27E-05,1.50E-05,3.79E-05,2.56E-05,8.08E-04,0.185654877,0.149807809,0.005899814,0.147269682,1.39E-05,1.47E-05,0.116367258
RepCarbajal,0.032095623,0.067536194,0.008028491,0.068097562,0.188534726,8.75E-06,0.001603732,0.095664359,9.59E-06,0.015689942,0.06329055,0.147601484,3.55E-05,0.001337435,1.10E-05,2.79E-05,1.88E-05,6.37E-05,0.005683304,0.187285066,0.006467078,1.11E-05,0.004525834,1.08E-05,0.106361429
RepCardenas,0.075823718,0.261064544,8.71E-05,0.03769978,0.101745317,1.28E-05,0.008919925,8.32E-04,1.40E-05,2.64E-05,0.053924202,0.047112094,0.005472346,1.36E-05,1.61E-05,4.06E-05,0.001189033,9.29E-05,0.006348366,0.23040679,0.028399105,1.62E-05,0.010081831,1.58E-05,0.130645683
RepCarolMiller,0.093988267,1.85E-04,1.64E-04,0.168793895,0.011511355,2.40E-05,2.74E-05,1.08E-04,2.63E-05,0.001508776,0.005304274,0.143485338,0.006663321,2.56E-05,3.03E-05,7.66E-05,5.17E-05,1.75E-04,0.194348781,0.222566355,0.003171112,3.04E-05,7.58E-04,0.086116468,0.060858954
RepCartwright,0.104992882,0.049799941,0.002720532,0.105571594,0.145263831,1.24E-05,1.42E-05,0.034698301,1.36E-05,0.002284923,0.05206539,0.139200738,5.03E-05,1.32E-05,1.57E-05,3.95E-05,0.053496383,0.014022554,0.002031846,0.20825841,0.009167669,1.57E-05,1.45E-05,1.54E-05,0.076220657
RepCasten,0.005395527,0.014644773,4.46E-04,0.136561336,0.146533685,1.20E-05,1.37E-05,0.024065337,1.31E-05,2.48E-05,0.113970016,0.1443138,4.86E-05,0.058221857,1.51E-05,3.82E-05,2.58E-05,8.73E-05,1.44E-04,0.237956683,1.26E-04,1.52E-05,1.40E-05,1.48E-05,0.117298633
RepCharlieCrist,0.126853667,0.033163629,7.59E-05,0.084506265,0.135274332,1.11E-05,1.27E-05,0.086119997,1.22E-05,0.009811317,0.028106227,0.172030594,4.51E-05,1.18E-05,1.40E-05,3.54E-05,6.99E-04,8.10E-05,1.34E-04,0.194104031,0.001467129,1.41E-05,0.049292172,1.38E-05,0.078110905
RepCheri,0.044957618,0.043584412,0.002167889,0.156139446,0.098952099,9.88E-06,1.13E-05,9.45E-04,1.08E-05,6.21E-04,0.004882099,0.159532864,4.01E-05,0.061221948,0.002712982,0.002431948,2.13E-05,0.028577291,0.006119941,0.336685107,0.012106264,1.25E-05,1.15E-05,1.22E-05,0.038233149
RepChipRoy,0.077759668,9.84E-05,0.01634908,0.182508864,0.008432512,1.28E-05,0.155664959,5.76E-05,1.40E-05,2.64E-05,1.05E-04,0.058340605,0.023670278,1.36E-05,1.61E-05,4.06E-05,2.75E-05,4.80E-04,0.252601246,0.077853906,0.036530096,1.62E-05,1.49E-05,0.005049261,0.104316759
RepChrisCollins,0.180234115,0.001340887,7.09E-05,0.143211168,0.015374467,3.26E-04,1.18E-05,0.009817678,1.14E-05,2.15E-05,8.53E-05,0.28545838,4.21E-05,1.10E-05,1.31E-05,3.31E-05,0.021770319,0.134976007,0.019351273,0.084808903,4.24E-04,1.31E-05,1.21E-05,0.041617653,0.060963648
RepChrisPappas,0.038128104,0.046048358,6.27E-05,0.180111369,0.173259634,9.18E-06,1.05E-05,0.005893106,1.01E-05,1.90E-05,0.013450687,0.116386337,0.002266409,0.101160295,1.16E-05,2.93E-05,1.98E-05,6.68E-05,1.10E-04,0.248577875,0.015701091,1.16E-05,1.07E-05,1.14E-05,0.058633876
RepChrisSmith,0.188754024,0.003667395,0.031645533,0.093467194,0.023894113,1.46E-05,1.67E-05,0.031611637,0.004459079,3.03E-05,0.023224051,0.218009748,5.93E-05,1.56E-05,0.001351389,4.66E-05,0.115106266,0.01254708,0.010394936,0.104444392,1.54E-04,1.85E-05,4.61E-04,0.008459897,0.128146191
RepChrisStewart,0.101790624,1.04E-04,0.03089687,0.168959539,0.041392487,1.35E-05,0.001658344,0.016079386,1.48E-05,2.80E-05,9.33E-04,0.151836062,0.047699086,0.125285944,1.71E-05,4.31E-05,2.91E-05,0.004616503,0.081486469,0.098194053,0.021500162,1.71E-05,1.58E-05,4.27E-04,0.106961377
